1.937906190931926176e-04
1.929757471401671864e-04
1.905520609284394595e-04
1.865815574717544223e-04
1.811644550002711185e-04
1.744348925711847187e-04
1.665552670999659313e-04
1.577095273859185909e-04
1.480959202524445573e-04
1.379195237944941255e-04
1.273850258627362564e-04
1.166900708255980135e-04
1.060194156679017397e-04
9.554019408142266911e-05
8.539829931919484807e-05
7.571606764145144552e-05
6.659106793449609540e-05
5.809603703710308764e-05
5.027980337501958275e-05
4.316894820988181891e-05
3.677008285762894957e-05
3.107259304613307904e-05
2.605152708667901607e-05
2.167067677305567486e-05
1.788544354042187479e-05
1.464566611275586183e-05
1.189805260537468712e-05
9.588335657895186159e-06
7.663086023512732936e-06
6.071110732364104479e-06
4.764531084333611943e-06
3.699499501408354263e-06
2.836632262415150763e-06
2.141285179391161364e-06
1.583529808613093337e-06
1.138124133603923838e-06
7.844129896739104879e-07
5.062972547875688178e-07
2.923076038996441639e-07
1.359667862743663136e-07
3.649159907581633888e-08
4.803268893738277256e-12
4.148448340401955647e-08
1.874120982847671257e-07
4.794527512785862200e-07
9.788717392211765400e-07
1.771677119677406154e-06
2.973552128082701529e-06
4.733556224323365313e-06
7.234367103592376225e-06
1.068641618928722892e-05
1.531204293314658571e-05
2.131583025288819044e-05
2.883789092322786018e-05
3.788899489620689565e-05
4.827125617623551079e-05
5.949552441109062784e-05
7.071552644788425823e-05
8.070900176448958518e-05
8.794184030591623014e-05
9.074971168843148916e-05
8.765673022992359620e-05
7.782093075547891203e-05
6.155370905958079675e-05
4.081541040079628146e-05
1.955514805729308137e-05
3.757614862820446433e-06
1.093229514026461402e-06
2.014201984934516076e-05
6.926265025697375677e-05
1.552802760897975531e-04
2.822366324721770070e-04
4.504584651954246510e-04
6.561449851290035440e-04
8.915669838103212896e-04
1.145840408852905057e-03
1.406123949635684767e-03
1.659020337029915027e-03
1.891947378396707791e-03
2.094280793230041127e-03
2.258139229496691769e-03
2.378761716073540811e-03
2.454499759394934699e-03
2.486498290394933974e-03
2.478167045921964018e-03
2.434548065039621179e-03
2.361671797871167655e-03
2.265971450142956201e-03
2.153798755557545519e-03
2.031060849020605019e-03
1.902978607546401690e-03
1.773953965354735374e-03
1.647526540537569417e-03
1.526397420320790843e-03
1.412498274873996706e-03
1.307087124970962577e-03
1.210855510024089199e-03
1.124035395278610849e-03
1.046498541583673614e-03
9.778431037403834125e-04
9.174655313302082504e-04
8.646173408664026283e-04
8.184477061377037899e-04
7.780340245346906158e-04
7.424028877665023174e-04
7.105448418371906882e-04
6.814259305656378274e-04
6.539997478682835208e-04
6.272230575063986180e-04
6.000780190618115739e-04
5.716031721050285341e-04
5.409344680913363845e-04
5.073558380672693602e-04
4.703571344606416460e-04
4.296948197719530071e-04
3.854487996335365096e-04
3.380668560168942349e-04
2.883876591539547007e-04
2.376337397294037146e-04
1.873687779578858681e-04
1.394171738411387196e-04
9.574977815418606042e-05
5.834456298714485456e-05
2.903573762580435869e-05
9.367150269667945395e-06
4.656286307636037236e-07
2.947195255842416373e-06
1.686455662763819419e-05
4.169888909189012338e-05
7.639353299282447551e-05
1.194230004557539360e-04
1.688883519221917595e-04
2.226283109791893366e-04
2.783365830083539549e-04
3.336765952752784870e-04
3.863872919112054660e-04
4.343755739739663113e-04
4.757928394951704831e-04
5.090950999147025868e-04
5.330868909965147395e-04
5.469503235531192331e-04
5.502605678628924579e-04
5.429894287090064608e-04
5.254979757012279151e-04
4.985190457915678053e-04
4.631298271533523803e-04
4.207145123302780121e-04
3.729163977794769380e-04
3.215792904711634037e-04
2.686778892666552565e-04
2.162378634835704361e-04
1.662469425838253301e-04
1.205600454454724968e-04
8.080236699470333406e-05
4.827648849925481045e-05
2.388009241371946700e-05
8.042185882572994160e-06
6.853031919717977871e-07
1.220112025634989550e-06
8.577071412219083868e-06
2.127607498891848081e-05
3.753161614383770939e-05
5.538687717887569306e-05
7.286610220091915835e-05
8.813250533989958058e-05
9.963728552975226194e-05
1.062460180918378683e-04
1.073309771584263217e-04
1.028206644093643263e-04
9.320223935560534301e-05
7.947537717711838923e-05
6.305996532773860963e-05
4.566213272028107895e-05
2.910601182293248712e-05
1.514137267122350750e-05
5.241198053340667684e-06
4.079899156295141438e-07
1.012564780467073433e-06
6.692825721188455645e-06
1.634026203589655779e-05
2.819618910621102259e-05
4.006678535972696409e-05
4.964566619491961319e-05
5.490867633284324256e-05
5.452289167351409560e-05
4.819754060747527546e-05
3.690438238379556424e-05
2.291095614737059805e-05
9.601293740502114815e-06
1.097364446422943729e-06
1.733098272893585090e-06
1.546094127036212740e-05
4.528249243662685330e-05
9.278838450654802728e-05
1.578701561015805055e-04
2.386371761815553327e-04
3.315402914552123548e-04
4.316775994936961069e-04
5.332389146985860862e-04
6.300344497844889702e-04
7.160491273765501319e-04
7.859651260559985531e-04
8.356018102233520040e-04
8.622328917908816948e-04
8.647550269103021492e-04
8.436997584198024924e-04
8.010975688534927031e-04
7.402194441112897039e-04
6.652323844917873430e-04
5.808115663086255154e-04
4.917517151312722490e-04
4.026147922218115127e-04
3.174416847997463265e-04
2.395443627563054179e-04
1.713837593939615545e-04
1.145290283375288709e-04
6.968688677488898975e-05
3.678527143335941219e-05
1.509467416838106146e-05
3.370613654851695173e-06
3.456847252891748212e-09
3.164487793583248276e-06
1.094038263715901849e-05
2.145139568199283531e-05
3.295061259223075467e-05
4.390383301711153763e-05
5.305052508219887386e-05
5.944718682826533040e-05
6.249407725533728808e-05
6.194673825632435182e-05
5.791269636290508060e-05
5.083375639003406832e-05
4.145376729525196424e-05
3.077160572217962908e-05
1.997942291609433596e-05
1.038687514665070921e-05
3.333167867936026596e-06
9.031737135956063867e-08
1.762956145512362127e-06
9.192081961373332888e-06
2.287141616363896901e-05
4.288621380510448944e-05
6.888370650415254204e-05
1.000818967042960139e-04
1.353200144507127334e-04
1.731481950173474615e-04
2.119482168154718238e-04
2.500721351168522233e-04
2.859820339580210202e-04
3.183738979259942425e-04
3.462712664088485326e-04
3.690793717083806769e-04
3.865974037466912705e-04
3.989925406386873874e-04
4.067448342652824067e-04
4.105742708162551935e-04
4.113620975942922087e-04
4.100764928125499864e-04
4.077100717836401600e-04
4.052333931099383335e-04
4.035657307497331203e-04
4.035618858893030847e-04
4.060123122826553299e-04
4.116528695163879092e-04
4.211802252598317864e-04
4.352689369824247478e-04
4.545863679084050091e-04
4.798023359597891613e-04
5.115900373766635312e-04
5.506159228190199428e-04
5.975160532329937269e-04
6.528570973927116938e-04
7.170808763561353771e-04
7.904321408460646126e-04
8.728706765310789706e-04
9.639707381126072505e-04
1.062813077226110181e-03
1.167877629157487718e-03
1.276948378404085815e-03
1.387045056205238325e-03
1.494398958286069501e-03
1.594491969115097163e-03
1.682177152787289742e-03
1.751895755631949214e-03
1.797997893902447686e-03
1.815162940005166092e-03
1.798899952419219517e-03
1.746090897370322637e-03
1.655521622566880069e-03
1.528331679296002221e-03
1.368307237740395976e-03
1.181946175236703311e-03
9.782419508752582260e-04
7.681635452740920300e-04
5.638491014536839430e-04
3.775752362145112784e-04
2.206047676196476459e-04
1.020465135752601782e-04
2.787394645054064313e-05
2.429919305768635240e-07
