0.000000000000000000e+00
6.959275999918190792e-05
2.775463199924388391e-04
6.214530800008333244e-04
1.097514999997883933e-03
1.700841969991984115e-03
2.425825689996941037e-03
3.266551529989669689e-03
4.217209250001019427e-03
5.272464969991119688e-03
6.427763150000487258e-03
7.679535739995912991e-03
9.025305789990056837e-03
1.046368288999133256e-02
1.199425736999160108e-02
1.361740752999196502e-02
1.533403973999725167e-02
1.714528441999618735e-02
1.905217217999677359e-02
2.105531315000064296e-02
2.315460084999187984e-02
2.534895806999770684e-02
2.763613848999568745e-02
3.001259287999857861e-02
3.247340401999565529e-02
3.501228940000089551e-02
3.762166559999968740e-02
4.029276368999035185e-02
4.301577983999038679e-02
4.578004177999162039e-02
4.857416808999914792e-02
5.138619540998945467e-02
5.420364817999256957e-02
5.701352711999163603e-02
5.980219683999621338e-02
6.255515931999866552e-02
6.525670944999717449e-02
6.788947985999982393e-02
7.043389515999365358e-02
7.286756906999869443e-02
7.516469028999495094e-02
7.729545418000327572e-02
7.922560510999687722e-02
8.091615936999119185e-02
8.232337964000180364e-02
8.339907015999870055e-02
8.409125694998920153e-02
8.434531087999630472e-02
8.410556190999329829e-02
8.331744150999043086e-02
8.193017317999817806e-02
7.990000677999375966e-02
7.719395574999055043e-02
7.379394413999307289e-02
6.970119851999356797e-02
6.494062944000233983e-02
5.956484192999766947e-02
5.365730780999911076e-02
4.733414487999709763e-02
4.074390828999696623e-02
3.406484142999488540e-02
2.749918768999748409e-02
2.126444753999123805e-02
1.558186711999098861e-02
1.066291933999252706e-02
6.695001899998942463e-03
3.827919629998177697e-03
2.162833159999877353e-03
1.745167919992240968e-03
2.562483749997568339e-03
4.547580599989942129e-03
7.586309369997934482e-03
1.152884495999728642e-02
1.620272155999202823e-02
2.142581999000015003e-02
2.701773568999499275e-02
3.280846164000195131e-02
3.864395383999408295e-02
4.438875638999206785e-02
4.992632197999569144e-02
5.515789964999839867e-02
6.000086617000022216e-02
6.438719559999128705e-02
6.826247454999645470e-02
7.158556698999518630e-02
7.432878487999516892e-02
7.647827273000018522e-02
7.803427415998953620e-02
7.901099740999484311e-02
7.943590121999477560e-02
7.934834389999423365e-02
7.879764847000103600e-02
7.784071579999363166e-02
7.653935997998928542e-02
7.495754967999346263e-02
7.315872284999613839e-02
7.120331181999972614e-02
6.914657980999550091e-02
6.703683531999615752e-02
6.491406280999001410e-02
6.280898712999771760e-02
6.074257641999736279e-02
5.872598117998961698e-02
5.676090429999192111e-02
5.484039500998960648e-02
5.295005581000111761e-02
5.106964364999555528e-02
4.917503097999542661e-02
4.724046932999215187e-02
4.524106558000084988e-02
4.315534231999151871e-02
4.096771202999605066e-02
3.867065730000263102e-02
3.626638616999855458e-02
3.376773284999501357e-02
3.119811031999120132e-02
2.859039870999424693e-02
2.598477028999468530e-02
2.342559643000186043e-02
2.095773266999856332e-02
1.862260373999902185e-02
1.645458061000226735e-02
1.447813278998921760e-02
1.270614361999378161e-02
1.113960698999960641e-02
9.768714099990916111e-03
8.575129909999645861e-03
7.535094179999646258e-03
6.622890700000994002e-03
5.814220739992492781e-03
5.089084269997101728e-03
4.433890269993412403e-03
3.842656809993627576e-03
3.317293289995859595e-03
2.867062669992037627e-03
2.507390219989247271e-03
2.258217440001430987e-03
2.142100859998663509e-03
2.182235329996728979e-03
2.400549149996322740e-03
2.815983380003217462e-03
3.443034070002681801e-03
4.290609479994600406e-03
5.361233739989756941e-03
6.650614999998083476e-03
8.147587590002558500e-03
9.834431889998995757e-03
1.168757038999501674e-02
1.367863061999230467e-02
1.577585335999742711e-02
1.794580610999219061e-02
2.015533579999839731e-02
2.237366266000151427e-02
2.457448098999748254e-02
2.673789748999411131e-02
2.885201139000059811e-02
3.091393101999528881e-02
3.293003873000088788e-02
3.491536680999729469e-02
3.689203274998931192e-02
3.888679843998943397e-02
4.092794768999397093e-02
4.304179916999828492e-02
4.524925850999750310e-02
4.756284153999956743e-02
4.998455505999288562e-02
5.250490573999400112e-02
5.510314011999639661e-02
5.774863256999651639e-02
6.040317116999460723e-02
6.302377579999074442e-02
6.556563734000064869e-02
6.798479345999908219e-02
7.024024071999690477e-02
7.229530192999789051e-02
7.411819485000137320e-02
7.568186301999446641e-02
7.696321567999575564e-02
7.794197766999388932e-02
7.859937184998955217e-02
7.891685286999461368e-02
7.887508924000030675e-02
7.845335798999997223e-02
7.762947764999239553e-02
7.638036422000027414e-02
7.468325133000064397e-02
7.251756924999597231e-02
6.986742639999476978e-02
6.672457991000158017e-02
6.309172028998943915e-02
5.898583119000022634e-02
5.444132735999573924e-02
4.951263075999179364e-02
4.427583001999835233e-02
3.882909480999785501e-02
3.329159156000116582e-02
2.780077212000264808e-02
2.250806819999695563e-02
1.757319789000177934e-02
1.315744064999080365e-02
9.416329809994294919e-03
6.492225350001490369e-03
4.507169180001824316e-03
3.556323879990941350e-03
3.702207369997267961e-03
4.969914019994803311e-03
7.343577960000402527e-03
1.076446115999374342e-02
1.513116043000195532e-02
2.030242915999735942e-02
2.610293123998985720e-02
3.233188243999052247e-02
3.877406269999994493e-02
4.521223194998924555e-02
5.143968678999044641e-02
5.727164148999008830e-02
6.255431487998919238e-02
6.717098919999386908e-02
7.104477276999432434e-02
7.413823553999066007e-02
7.645041754000203582e-02
7.801189791000240348e-02
7.887866253999220589e-02
7.912545015999228326e-02
7.883913370999096060e-02
7.811254328998984420e-02
7.703899052999929609e-02
7.570762979999301479e-02
7.419969837999929041e-02
7.258561636000138151e-02
7.092289436999976715e-02
6.925478718000022127e-02
6.760963770999239841e-02
6.600087239999652411e-02
6.442762921000166898e-02
6.287601825999900029e-02
6.132102643999814973e-02
5.972907531000259951e-02
5.806122122000090258e-02
5.627694215999667904e-02
5.433838589999595570e-02
5.221485861000019213e-02
4.988722218999441793e-02
4.735175748000131080e-02
4.462296765998985393e-02
4.173477426999738782e-02
3.873963379000144869e-02
3.570529923000265171e-02
3.270926905999260725e-02
2.983136822000176380e-02
2.714531683000132034e-02
2.471045698000295943e-02
2.256492550999666946e-02
2.072141432999785593e-02
1.916625552999562387e-02
1.786198770999192220e-02
1.675294204999033809e-02
1.577288344999772107e-02
1.485346610999727091e-02
1.393225697999866952e-02
1.295930895000196870e-02
1.190163997999604817e-02
1.074538748000009036e-02
9.495768400000770271e-03
8.175228740000761718e-03
6.820295749989213618e-03
5.477666869992958709e-03
4.200011590000940487e-03
3.041862659998173513e-03
2.055860689992528023e-03
1.289513019997912124e-03
7.825460599946154616e-04
5.648731699920972460e-04
6.551684199962437560e-04
1.060024360000966226e-03
1.773674849999906655e-03
2.778275840000787866e-03
4.044751739996854667e-03
5.534226759991156541e-03
7.200063499993802907e-03
8.990518790000123772e-03
1.085199431999228636e-02
1.273280203000126676e-02
1.458728138999276780e-02
1.638000058999011799e-02
1.808965960999842082e-02
1.971221078999008114e-02
2.126265338999644428e-02
2.277497867000022325e-02
2.429987383000309364e-02
2.590005157999542007e-02
2.764344207000135611e-02
2.959490770000172688e-02
3.180752707999090489e-02
3.431473025000286725e-02
3.712456194999447234e-02
4.021706636000033086e-02
4.354526720000251316e-02
4.703957952000337173e-02
5.061488911999845186e-02
