1.193564687298476201e-04
1.195873799844093810e-04
1.202763425425246169e-04
1.214120841126486994e-04
1.229756671676796032e-04
1.249405164287509251e-04
1.272722298466533175e-04
1.299287278300198523e-04
1.328603476054013299e-04
1.360101789344980716e-04
1.393147030199770597e-04
1.427046432951328825e-04
1.461061010701314444e-04
1.494420725975942332e-04
1.526340910373846782e-04
1.556042717396621811e-04
1.582772829351597466e-04
1.605826448241032267e-04
1.624568551363836377e-04
1.638455314036946220e-04
1.647052691708950078e-04
1.650053259112382875e-04
1.647289204953494846e-04
1.638739989573423372e-04
1.624537541431436694e-04
1.604964116808105246e-04
1.580446046460792786e-04
1.551543133473387570e-04
1.518932629096525488e-04
1.483389042959970539e-04
1.445762298857289352e-04
1.406953015390399742e-04
1.367887724796901239e-04
1.329493730821695863e-04
1.292676946036408481e-04
1.258301028883579420e-04
1.227170809698918674e-04
1.200018278240122527e-04
1.177493442838795090e-04
1.160155676132035296e-04
1.148469135188179280e-04
1.142796328537087902e-04
1.143392310041235760e-04
1.150393226652113299e-04
1.163802329386953716e-04
1.183468673247034531e-04
1.209059092559527926e-04
1.240023962765235410e-04
1.275556610096373333e-04
1.314550116120472012e-04
1.355554931166125243e-04
1.396742168395803674e-04
1.435880682407741915e-04
1.470335988358328905e-04
1.497101721668059326e-04
1.512873493680899628e-04
1.514178695458667789e-04
1.497573214663816543e-04
1.459914359145386697e-04
1.398713586837629919e-04
1.312561168731463113e-04
1.201588957258081791e-04
1.067908923602089999e-04
9.159265592018073221e-05
7.524005837922231876e-05
5.861161776010703761e-05
4.270875655265626847e-05
2.852988953350177326e-05
1.691428802530481335e-05
8.386323429476760793e-06
3.040591721514829260e-06
5.070476305490956292e-07
2.055813297374697868e-08
5.940454599340228015e-07
1.266085604356703698e-06
1.372802330479316879e-06
7.859171091695316136e-07
6.681557351839728653e-08
5.060814061152996146e-07
4.042715488594694762e-06
1.308033004931985488e-05
3.023367963805867475e-05
5.804619785010345367e-05
9.871813833228770818e-05
1.538776586613721520e-04
2.244163846398805617e-04
3.103993788187153768e-04
4.110493278659532734e-04
5.247964528507509385e-04
6.493805440754840674e-04
7.819891692406599759e-04
9.194160777070692347e-04
1.058225252776878733e-03
1.194909154136780671e-03
1.326032476413274708e-03
1.448356498755742905e-03
1.558941255481727239e-03
1.655225444281427372e-03
1.735085319253926173e-03
1.796874603385845148e-03
1.839448032924906329e-03
1.862170828317744053e-03
1.864916023450291505e-03
1.848050989437410863e-03
1.812414053190991581e-03
1.759281370468102068e-03
1.690323959394390840e-03
1.607554713032754989e-03
1.513265312610201363e-03
1.409953533794805480e-03
1.300242122823647151e-03
1.186790979389229506e-03
1.072206511565809706e-03
9.589514607597493523e-04
8.492605983008161274e-04
7.450670659920888284e-04
6.479447056761955537e-04
5.590707141180928375e-04
4.792113430767130922e-04
4.087321682675337797e-04
3.476316558845837790e-04
2.955945694651518352e-04
2.520597815873770742e-04
2.162953859823346647e-04
1.874736176290525691e-04
1.647384184622069370e-04
1.472601969680908951e-04
1.342745449903759436e-04
1.251042478855879381e-04
1.191658178498755660e-04
1.159638915737559728e-04
1.150774134259791026e-04
1.161416087711586442e-04
1.188294368148490321e-04
1.228351807469607593e-04
1.278619135547387486e-04
1.336137907799184177e-04
1.397929735276193242e-04
1.461008882159831046e-04
1.522427614020216424e-04
1.579345006632593140e-04
1.629108735698991950e-04
1.669339624044141601e-04
1.698011673880728267e-04
1.713521173911658479e-04
1.714740714930940158e-04
1.701054107030586238e-04
1.672372529384347217e-04
1.629130467932782267e-04
1.572260815976278536e-04
1.503153497139919637e-04
1.423594332408129048e-04
1.335690986223880827e-04
1.241785259225025584e-04
1.144356964744019933e-04
1.045922471121230046e-04
9.489344117241671483e-05
8.556871746634442388e-05
7.682364093852811493e-05
6.883389428935515753e-05
6.174205947218069923e-05
5.565775948923601391e-05
5.066156681721167843e-05
4.681280208274074539e-05
4.416077896962633531e-05
4.275878761461626709e-05
4.267920401446190226e-05
4.402777148015957209e-05
4.695432753010209126e-05
5.165743969826053217e-05
5.837972700817317673e-05
6.739193152327516145e-05
7.896418530606297281e-05
9.332502595782443677e-05
1.106104227375226401e-04
1.308074655810287368e-04
1.536999711504449806e-04
1.788245891276574184e-04
2.054469772616585033e-04
2.325666550007099431e-04
2.589567782393942252e-04
2.832402690700064340e-04
3.039984682260410409e-04
3.199021612942942738e-04
3.298494179944100324e-04
3.330919461035364293e-04
3.293307456146976619e-04
3.187645631896884879e-04
3.020822544357315564e-04
2.803957609671670070e-04
2.551232950906978658e-04
2.278384419156509466e-04
2.001083399392200590e-04
1.733466594373567204e-04
1.487025822513032836e-04
1.270000288400296995e-04
1.087314355032731328e-04
9.409946009952818713e-05
8.309297788855474209e-05
7.557951252579186985e-05
7.139625192564835743e-05
7.042519908395661332e-05
7.264295601316916873e-05
7.814112660753380624e-05
8.711876685651986918e-05
9.985176750149094005e-05
1.166469315592166822e-04
1.377888069953314698e-04
1.634873295444094765e-04
1.938325761017267723e-04
2.287611875573247744e-04
2.680367092722235611e-04
3.112443321242608363e-04
3.577988783121099914e-04
4.069636713239788151e-04
4.578778570447639140e-04
5.095888761843525572e-04
5.610878187809476003e-04
6.113449643407875556e-04
6.593442156059836634e-04
7.041147566297922822e-04
7.447594977492144608e-04
7.804798564592374532e-04
8.105966588374258208e-04
8.345674203411590497e-04
8.519997766143205808e-04
8.626615019693417707e-04
8.664867362426775799e-04
8.635785298594100823e-04
8.542074517805531286e-04
8.388059994359764460e-04
8.179583778229471136e-04
7.923860565028917335e-04
7.629283213361759408e-04
7.305188853337085675e-04
6.961587783251843575e-04
6.608868720974214739e-04
6.257494528227880437e-04
5.917711056753205412e-04
5.599289871014434539e-04
5.311329216226567951e-04
5.062133909063959436e-04
4.859184688683626518e-04
4.709201684249819664e-04
4.618284526429761172e-04
4.592099006686112261e-04
4.636066087613244235e-04
4.755496407540249493e-04
4.955617658737310194e-04
5.241454100115561232e-04
5.617538724607129552e-04
6.087468321567257590e-04
6.653347115985752680e-04
7.315180524756215164e-04
8.070302050811051231e-04
8.912908111682327217e-04
9.833767073672561310e-04
1.082014043433332517e-03
1.185593361086034747e-03
1.292206144512419996e-03
1.399699897888240230e-03
1.505746950314801325e-03
1.607921738312256821e-03
1.703781702204310022e-03
1.790946660534586954e-03
1.867173457938520187e-03
1.930423032177941423e-03
1.978918499972337486e-03
2.011193590774951190e-03
2.026131772893791094e-03
2.022996319752223826e-03
2.001452289874805501e-03
1.961581090412778394e-03
1.903887512852975306e-03
1.829299476767687338e-03
1.739159486774610741e-03
1.635206692427004782e-03
1.519547464610582210e-03
1.394612889939139677e-03
1.263101014174594638e-03
1.127902534193481188e-03
9.920093984305822232e-04
8.584076417719188612e-04
7.299573487102861691e-04
6.092657161218539841e-04
4.985610402741258440e-04
3.995782778218881504e-04
3.134685348982202413e-04
2.407445677334862921e-04
1.812744286979750541e-04
1.343305652170556641e-04
9.869735640677390620e-05
7.283169341576467559e-05
5.506266538191084692e-05
4.380748396215494722e-05
3.777376335278859187e-05
3.611548785897866765e-05
3.851216837347237743e-05
4.515038905594792595e-05
5.660202482715703809e-05
