4.470259462152625929e-05
4.436148029185460473e-05
4.334931487903759262e-05
4.169911314022556326e-05
3.946436166302191850e-05
3.671678564387548249e-05
3.354340302053060441e-05
3.004316005217333441e-05
2.632327300489123445e-05
2.249544809274084400e-05
1.867238570696372335e-05
1.496446934368123038e-05
1.147697432202221535e-05
8.307901111948012840e-06
5.546293650127154251e-06
3.271358252732170513e-06
1.552021160478034290e-06
4.471687162777016056e-07
6.311495326372096315e-09
2.706196653434744803e-07
1.274280933216687117e-06
3.046017582164495252e-06
5.610651598431104503e-06
8.990665406827247352e-06
1.320757108658199286e-05
1.828309528661975492e-05
2.423991892896992795e-05
3.110200799483209266e-05
3.889435993187362328e-05
4.764207341168003040e-05
5.736858823013335495e-05
6.809311177846666396e-05
7.982699162312201224e-05
9.256913614308359683e-05
1.063003533232631526e-04
1.209768520027409977e-04
1.365228567635767831e-04
1.528228789311469882e-04
1.697139798437774516e-04
1.869787212740448012e-04
2.043396979871658914e-04
2.214566053737598850e-04
2.379271063546184450e-04
2.532926547758052038e-04
2.670504760686753798e-04
2.786726871448763632e-04
2.876330087531187019e-04
2.934408566801494089e-04
2.956817962314062243e-04
2.940619593658766462e-04
2.884528969246957786e-04
2.789318606772894782e-04
2.658116181919467635e-04
2.496534733325006528e-04
2.312578722296620981e-04
2.116295293888015294e-04
1.919187071734995698e-04
1.733473210094871320e-04
1.571371432476098562e-04
1.444657319638054105e-04
1.364805262795698582e-04
1.343983287966921125e-04
1.397026638301213097e-04
1.544248634246514484e-04
1.814611249102426882e-04
2.248483001636714107e-04
2.899101834827888524e-04
3.832023406999951476e-04
5.122268089792214596e-04
6.849446288867966359e-04
9.091636551517012776e-04
1.191905134646731312e-03
1.538848465955311440e-03
1.953925211324758493e-03
2.439093699507566271e-03
2.994287827220887266e-03
3.617507894489335740e-03
4.305009705561246847e-03
5.051550296968798648e-03
5.850657873722298064e-03
6.694905196539480130e-03
7.576175480721758504e-03
8.485915208382266428e-03
9.415370448337512244e-03
1.035580311908290696e-02
1.129868268559164335e-02
1.223584878052008662e-02
1.315964093200250318e-02
1.406299344539263529e-02
1.493949537969285757e-02
1.578341789485193658e-02
1.658971262560271498e-02
1.735398626954065548e-02
1.807245680748792438e-02
1.874189727837460850e-02
1.935957254626430313e-02
1.992317414108413232e-02
2.043075763508284126e-02
2.088068625180028448e-02
2.127158363536807428e-02
2.160229791876133731e-02
2.187187846833182903e-02
2.207956566904556439e-02
2.222479362345097798e-02
2.230720459189683424e-02
2.232667328587467637e-02
2.228333876807653269e-02
2.217764112641873453e-02
2.201035981545373943e-02
2.178265109726851279e-02
2.149608163983884879e-02
2.115265642991914774e-02
2.075483890206442084e-02
2.030556170261377247e-02
1.980822624388167696e-02
1.926668884783566682e-02
1.868523112676712117e-02
1.806851211047444394e-02
1.742150070074899304e-02
1.674938832717032255e-02
1.605748446979760047e-02
1.535109986554061834e-02
1.463542496387049141e-02
1.391541230400150653e-02
1.319567148973987969e-02
1.248038424432706961e-02
1.177324448077854413e-02
1.107742565481828478e-02
1.039557464773110951e-02
9.729829310401783005e-03
9.081855230235191812e-03
8.452896576528701189e-03
7.843836044827412479e-03
7.255259198714725244e-03
6.687519781962691923e-03
6.140803013479967376e-03
5.615184902637793130e-03
5.110686473543069042e-03
4.627321812748164120e-03
4.165139598157452383e-03
3.724257666846142456e-03
3.304890135666482820e-03
2.907366694500979065e-03
2.532143599196956529e-03
2.179805440832183194e-03
1.851057235327857597e-03
1.546705890746125078e-03
1.267630492762350514e-03
1.014741191625034844e-03
7.889265976217529897e-04
5.909908389298834663e-04
4.215818140096416755e-04
2.811139429041986659e-04
1.696894953369110226e-04
8.702437139618268702e-05
3.238514931069857994e-05
4.544807609363488154e-06
1.764461558195762336e-06
2.180701692111597367e-05
6.198618186203930236e-05
1.192503178657489116e-04
1.902963609268226719e-04
2.717044253870426473e-04
3.600800825722672016e-04
4.521895525186891973e-04
5.450732627281240639e-04
6.361258605380726294e-04
7.231351970773403082e-04
8.042781724384440167e-04
8.780770126719517066e-04
9.433242808540853730e-04
9.989892903661257151e-04
1.044121133219277908e-03
1.077765387179852041e-03
1.098911916457723237e-03
1.106489121326603708e-03
1.099415839249218152e-03
1.076713814867957808e-03
1.037672415520773939e-03
9.820453064861567327e-04
9.102481869831535732e-04
8.235234798945612056e-04
7.240427037231711438e-04
6.149309488279186553e-04
5.002153448003809899e-04
3.847150651807851318e-04
2.738992591417854783e-04
1.737395085541493245e-04
9.057641808851712995e-05
3.100981190584661817e-05
1.812042540905167698e-06
9.856929864326957613e-06
6.205297732719827764e-05
1.652696408029896702e-04
3.262467919427081142e-04
5.514814181566407569e-04
8.470891798850743726e-04
1.218643065911351187e-03
1.670995790547635806e-03
2.208096342215526420e-03
2.832814491540602830e-03
3.546788706714210093e-03
4.350313258314031373e-03
5.242278215888518389e-03
6.220171973637889096e-03
7.280150573677701686e-03
8.417171257590894129e-03
9.625181668766913390e-03
1.089735062171826030e-02
1.222632290992464732e-02
1.360447946009912812e-02
1.502418504765046237e-02
1.647800799413801087e-02
1.795890085504936451e-02
1.946033459292095813e-02
2.097638369451715334e-02
2.250176296873007686e-02
2.403182006885629107e-02
2.556248964611995689e-02
2.709021632256281009e-02
2.861185420726997108e-02
3.012455079091580501e-02
3.162562222132692114e-02
3.311242709062867107e-02
3.458224459481584745e-02
3.603216271466180842e-02
3.745898154140547831e-02
3.885913619782854767e-02
4.022864362625000467e-02
4.156307670012893141e-02
4.285756855939837351e-02
4.410684911660212038e-02
4.530531401196924435e-02
4.644712477401924389e-02
4.752633656178772981e-02
4.853704730868457773e-02
4.947355960234744998e-02
5.033054431103778370e-02
5.110319360807125122e-02
5.178735038245463329e-02
5.237960285376175307e-02
5.287733558388652000e-02
5.327873289559192926e-02
5.358273599161123002e-02
5.378896052266668448e-02
5.389758589362259045e-02
5.390923060346608509e-02
5.382482837521251895e-02
5.364551811729256769e-02
5.337255725756051561e-02
5.300726311321568573e-02
5.255098232879618081e-02
5.200508427407157797e-02
5.137097172179494464e-02
5.065010121622037786e-02
4.984400614461037549e-02
4.895431730228949618e-02
4.798277834936470754e-02
4.693125569802703012e-02
4.580174498596534249e-02
4.459637731675059058e-02
4.331742935391957872e-02
4.196734153086367769e-02
4.054874787769335853e-02
3.906452017122319376e-02
3.751782791262314731e-02
3.591221441416792004e-02
3.425168776914233604e-02
3.254082411977776701e-02
3.078487919816552676e-02
2.898990258462674774e-02
2.716284748591135667e-02
2.531166740126877812e-02
2.344538958972464116e-02
2.157415391441475094e-02
1.970920519698893258e-02
1.786282702929042898e-02
1.604820618356939121e-02
1.427921953221300555e-02
1.257013905275528032e-02
1.093525665326922081e-02
9.388437590430953605e-03
7.942619275041806759e-03
6.609280929637861846e-03
5.397916517978273987e-03
4.315549455284894975e-03
3.366329620462238381e-03
2.551252354393795940e-03
1.868033552554493326e-03
1.311165417661186439e-03
8.721640697473276305e-04
5.400040844705245036e-04
3.017172676038626378e-04
1.431150925270685548e-04
4.957824212681316567e-05
6.844786426540849789e-06
1.723643322293355595e-06
2.266419916452377947e-05
6.012955149969911872e-05
1.067476145806267596e-04
