5.172439990417387889e-04
5.141495989136046774e-04
5.049422523910607197e-04
4.898473220151799978e-04
4.692328088538033626e-04
4.435985121205021642e-04
4.135616214000492619e-04
3.798396838448070412e-04
3.432316821658787376e-04
3.045982047638062795e-04
2.648415360084754866e-04
2.248864092990743302e-04
1.856620599482994294e-04
1.480858906290904997e-04
1.130491984753234647e-04
8.140474143658593675e-05
5.395627607640562928e-05
3.144954065703586821e-05
1.456456976711706375e-05
3.908630105797783472e-06
9.306447168455633800e-09
3.307327148149852292e-06
1.414828358292652410e-05
3.277310359806051565e-05
5.930654963037795824e-05
9.374371407488979457e-05
1.359341271438552212e-04
1.855639301879818959e-04
2.421361836297819536e-04
3.049502957850336315e-04
3.730817612819237183e-04
4.453636598640287048e-04
5.203724826259303882e-04
5.964206201269917074e-04
6.715591095058925930e-04
7.435940183171396711e-04
8.101204793433680607e-04
8.685780417181376833e-04
9.163306852570940464e-04
9.507738675296195652e-04
9.694693016655264728e-04
9.703061092523057596e-04
9.516841361687511380e-04
9.127117866682965541e-04
8.534069609282823876e-04
7.748858615030940200e-04
6.795204246969888118e-04
5.710422855429442279e-04
4.545693162043562552e-04
3.365304868339080713e-04
2.244677419298568566e-04
1.266990821164881709e-04
5.183690670662599587e-05
8.169459022155933781e-06
2.931167230713072058e-06
4.150923159329522605e-05
1.266565534194796783e-04
2.578028817055155741e-04
4.305717568655609284e-04
6.366154776600296827e-04
8.638664163385101347e-04
1.097265919568712889e-03
1.319967974481528472e-03
1.514928882542676547e-03
1.666699344298194774e-03
1.763159273906467206e-03
1.796905545916160918e-03
1.766045040270114441e-03
1.674256109112093327e-03
1.530134042226904967e-03
1.345979212018733051e-03
1.136277145988628945e-03
9.161371178123545178e-04
6.999096325870368673e-04
5.001230119177080269e-04
3.267946780027841669e-04
1.871047750512389030e-04
8.537690300158828904e-05
2.328997356926265638e-05
2.423148259822482942e-07
1.379623482478109509e-05
6.014478536542355869e-05
1.345576710178875146e-04
2.317782900860265727e-04
3.463571381558949724e-04
4.729169241386443900e-04
6.063519093828517725e-04
7.419681974312197781e-04
8.755735749161885906e-04
1.003526053395376039e-03
1.122749958625490763e-03
1.230727357750538431e-03
1.325472000090144320e-03
1.405491787764390210e-03
1.469744848748177901e-03
1.517593563320929206e-03
1.548759670527033450e-03
1.563282969527790556e-03
1.561485166547527115e-03
1.543939720761500212e-03
1.511447581918901051e-03
1.465018414521068735e-03
1.405855943374945127e-03
1.335345754483796554e-03
1.255043502666808308e-03
1.166660834371668898e-03
1.072046666038772855e-03
9.731610461329864847e-04
8.720394512664597642e-04
7.707459267720651042e-04
6.713145455421454244e-04
5.756804382457403335e-04
4.856033451261509981e-04
4.025890946195431752e-04
3.278165583964209873e-04
2.620788885536740054e-04
2.057485686748350417e-04
1.587739177040248251e-04
1.207114644614648569e-04
9.079329737460284377e-05
6.802291854057784803e-05
5.128758606076644355e-05
3.947273110327387258e-05
3.156350243216365925e-05
2.672180968943393964e-05
2.433224487674578995e-05
2.401572632493298443e-05
2.561509110421411606e-05
2.915960322980026831e-05
3.481708162667018769e-05
4.284194370995919598e-05
5.352557991500361823e-05
6.715398309609099670e-05
8.397505099821955810e-05
1.041765357570056949e-04
1.278739525218952622e-04
1.551073014240955672e-04
1.858445838109901160e-04
2.199902092741012893e-04
2.573962509586635861e-04
2.978749965052429616e-04
3.412110171012727733e-04
3.871718071337681977e-04
4.355158848170503916e-04
4.859976350246597576e-04
5.383683831325924984e-04
5.923732801704773010e-04
6.477435267839837252e-04
7.041839279935402374e-04
7.613554780903086794e-04
8.188531978561286451e-04
8.761796498362173224e-04
9.327149751641172770e-04
9.876852948451642078e-04
1.040131992880333200e-03
1.088885891107338466e-03
1.132551361550326874e-03
1.169506868606617900e-03
1.197929129162389472e-03
1.215848156746801578e-03
1.221239331130163919e-03
1.212155897377442670e-03
1.186900999087470154e-03
1.144231929799843783e-03
1.083582062818777558e-03
1.005278000860698739e-03
9.107217625512475934e-04
8.025036151195763523e-04
6.844095138234251863e-04
5.612929956981815849e-04
4.387929440667903691e-04
3.228990060080150215e-04
2.193919125232923761e-04
1.332149889492484363e-04
6.785969726763596555e-05
2.486581891503192310e-05
3.539044087119691540e-06
9.686882407322627841e-07
1.238556245652944199e-05
3.183683112695234740e-05
5.308390595359924191e-05
7.056909637981334527e-05
8.026623450518854952e-05
8.024576969489771727e-05
7.084530020051715837e-05
5.442749045414529974e-05
3.480083293538882572e-05
1.644608660456015059e-05
3.716203750059321465e-06
1.587414146797527792e-07
8.060461183845291089e-06
2.825262407668560627e-05
6.016062665992194525e-05
1.020420127559873436e-04
1.513386459635057690e-04
2.050675069966700903e-04
2.601872956518036517e-04
3.138971958662750694e-04
3.638454282537395557e-04
4.082438602921456550e-04
4.458988797182428243e-04
4.761770020991207275e-04
4.989266342221299055e-04
5.143766677093708495e-04
5.230289669242438322e-04
5.255572566511546029e-04
5.227204507889382512e-04
5.152941051278503437e-04
5.040208259430301041e-04
4.895782426075356852e-04
4.725618146181886914e-04
4.534794101118677645e-04
4.327544620252865570e-04
4.107348009512179488e-04
3.877049169176416399e-04
3.638996883523759607e-04
3.395183476584406890e-04
3.147375576730837565e-04
2.897230603764455736e-04
2.646394323164713569e-04
2.396576199004130103e-04
2.149600249339300717e-04
1.907430539631604915e-04
1.672170831028552129e-04
1.446036211376622305e-04
1.231299828106102723e-04
1.030213175567951112e-04
8.449060649695638858e-05
6.772681962274873513e-05
5.288215632504034147e-05
4.005922221494984115e-05
2.929947727636772470e-05
2.057442141278897907e-05
1.378120680328720482e-05
8.744328567900083726e-06
5.224953724791703280e-06
2.938776106020668522e-06
1.582432787472498603e-06
8.674403773056837963e-07
5.588388773958286038e-07
5.145591188693288132e-07
7.202599761058081640e-07
1.313811196723690955e-06
2.594576329784104018e-06
5.013924180730100488e-06
9.146464378773089265e-06
1.564420050215176161e-05
2.517887779163174855e-05
3.837959395980305999e-05
5.577301270420775836e-05
7.773296833590848109e-05
1.044440897430831683e-04
1.358816587639921636e-04
1.718077332526490864e-04
2.117813990167860538e-04
2.551800826182670789e-04
3.012283527255021909e-04
3.490306371958240561e-04
3.976051002467784201e-04
4.459161733478822498e-04
4.929045477553017918e-04
5.375136593528395679e-04
5.787125310945384626e-04
6.155154089242387272e-04
6.469985386132748317e-04
6.723152222321004956e-04
6.907098992741111942e-04
7.015322829744263800e-04
7.042524084255319394e-04
6.984775271945409258e-04
6.839711984980567649e-04
6.606751346396322333e-04
6.287336927073283732e-04
5.885207624487520661e-04
5.406681702027071879e-04
4.860941074866786948e-04
4.260297403249069248e-04
3.620408400450969566e-04
2.960409968721933183e-04
2.302916475258598439e-04
1.673836889608537604e-04
1.101948424917509328e-04
6.181693879625527188e-05
2.544802023862757778e-05
4.245772089461752330e-06
1.141184938546757621e-06
1.861499063693372591e-05
5.844350283723542816e-05
1.214253579320256904e-04
2.071069215361376337e-04
3.135309331696589652e-04
4.370418147203736225e-04
5.721905974667151895e-04
7.117903595883490198e-04
8.471752781531449727e-04
9.687060912852984984e-04
1.066536407847706869e-03
1.131604399049024323e-03
1.156750589643706917e-03
1.137798437753190228e-03
