4.161712837458253489e-06
4.106394541736335668e-06
3.942665159684111131e-06
3.677217080166883534e-06
3.321203777773007459e-06
2.890218269158140174e-06
2.404335830874515523e-06
1.888027938434788666e-06
1.370161683666992758e-06
8.839124348014593124e-07
4.666311355094876490e-07
1.596605727627320448e-07
8.074977131400373764e-09
6.031801547123905038e-08
3.676857573964298354e-07
9.837071104357164586e-07
1.963341787813988049e-06
3.361900468235035078e-06
5.233836375850842160e-06
7.631170888089400250e-06
1.060174672318225930e-05
1.418704799505121628e-05
1.841986731676570344e-05
2.332157438900139823e-05
2.889923328552868043e-05
3.514251227443310199e-05
4.202053479218648135e-05
4.947889321726961498e-05
5.743687543713349442e-05
6.578535726475820411e-05
7.438543076432324597e-05
8.306827243131920113e-05
9.163652660504340020e-05
9.986751375379299134e-05
1.075185431602676545e-04
1.143345928937833378e-04
1.200582142644179839e-04
1.244417661609986681e-04
1.272613072558215208e-04
1.283316130127332144e-04
1.275213415965481545e-04
1.247670674615619646e-04
1.200848014661914931e-04
1.135775133178640317e-04
1.054370873276866405e-04
9.593969545562686108e-05
8.543386897486016096e-05
7.432122552586406528e-05
6.303090418668944039e-05
5.198947809503806639e-05
4.158938166654024826e-05
3.215920231980362587e-05
2.393976417636167753e-05
1.706932530964877515e-05
1.158030090664396994e-05
7.408080577420150803e-06
4.410357405504328199e-06
2.393771509900943784e-06
1.142839423096120299e-06
4.465758252081286628e-07
1.185916005397302797e-07
8.916487104215775616e-09
7.431367521348875016e-09
4.113996965315891430e-08
6.783841399737866595e-08
6.915762185144558316e-08
4.520323670931247761e-08
1.196211485421372345e-08
2.386940423093619756e-09
7.094257625794853084e-08
3.012714699934804230e-07
8.158255297985306242e-07
1.785575591384258587e-06
3.437541749917727429e-06
6.057669139636345790e-06
9.987464864025241695e-06
1.561411143313762295e-05
2.335571754485954443e-05
3.364446718023827998e-05
4.691139947965439205e-05
6.357573941784266935e-05
8.404052135801975965e-05
1.086947218027489726e-04
1.379205375116043797e-04
1.721038397306529077e-04
2.116455728184973850e-04
2.569723178851290868e-04
3.085448905153498345e-04
3.668644599486015068e-04
4.324762208938182084e-04
5.059708325774181503e-04
5.879841002780494819e-04
6.791950551843228823e-04
7.803227573646154269e-04
8.921213598966915015e-04
1.015373478907122262e-03
1.150880859640324161e-03
1.299451828415953969e-03
1.461884426774417989e-03
1.638944177756229692e-03
1.831335349450569083e-03
2.039664483589831434e-03
2.264395498187354860e-03
2.505795471833494048e-03
2.763870978114368882e-03
3.038295744303809442e-03
3.328330944810886649e-03
3.632741344162582209e-03
3.949711473538286555e-03
4.276768357158289291e-03
4.610718786778988942e-03
4.947611197707146857e-03
5.282733074722045785e-03
5.610655348007753673e-03
5.925333978012758962e-03
6.220275505256722681e-03
6.488767917275595210e-03
6.724170220110181617e-03
6.920244774562434031e-03
7.071506888422618431e-03
7.173559123160089257e-03
7.223374213793931631e-03
7.219493697192547188e-03
7.162117843279247609e-03
7.053076095431265458e-03
6.895683141735275967e-03
6.694499832093470104e-03
6.455028912611737724e-03
6.183379999328053600e-03
5.885937157273701814e-03
5.569056812717576577e-03
5.238815303258093081e-03
4.900816315199563178e-03
4.560060443864699664e-03
4.220872649142393129e-03
3.886879735674142466e-03
3.561027654882309434e-03
3.245628132347633255e-03
2.942425078018118256e-03
2.652672344837014862e-03
2.377216206383536701e-03
2.116577353788784421e-03
1.871028922053596943e-03
1.640667876884549514e-03
1.425478277184311082e-03
1.225385375036580626e-03
1.040299882546946719e-03
8.701520787894878595e-04
7.149154149743708331e-04
5.746192338165201363e-04
4.493504176110718618e-04
3.392438543556863806e-04
2.444617500003687383e-04
1.651625425296288086e-04
1.014607205860329486e-04
5.337970310392847750e-05
2.080109969426757743e-05
3.414474477381190809e-06
6.725815921981848078e-07
1.175688990429080150e-05
3.555839531088622607e-05
7.067692662587887753e-05
1.154408236203607885e-04
1.679465678421365737e-04
2.261159822296576749e-04
2.877666752709728826e-04
3.506906343062610176e-04
4.127354104070946050e-04
4.718827112242252042e-04
5.263202707226355415e-04
5.745033547981392985e-04
6.152035578566028562e-04
6.475423030423144155e-04
6.710074192568526996e-04
6.854506541458249558e-04
6.910649174614036383e-04
6.883410596429939687e-04
6.780057692026275618e-04
6.609447283949521079e-04
6.381177671812565677e-04
6.104746725696941212e-04
5.788813353149180330e-04
5.440650462986695857e-04
5.065858912161047556e-04
4.668377735157491770e-04
4.250799429286189479e-04
3.814961384449588877e-04
3.362765433223557920e-04
2.897147938796251765e-04
2.423097661790052371e-04
1.948593820202404459e-04
1.485318258289680671e-04
1.048995960530874072e-04
6.592445748765385360e-05
3.388679634497293591e-05
1.126061744116668706e-05
5.433133480892138323e-07
4.057148515812514233e-06
2.374421357842493308e-05
6.097853470521386043e-05
1.164180933841407750e-04
1.899149583692860688e-04
2.804950024994923297e-04
3.864106656124022265e-04
5.052608945561587461e-04
6.341646420082724944e-04
7.699674237358067330e-04
9.094576434733880888e-04
1.049569649268278226e-03
1.187554006349955671e-03
1.321102402783935759e-03
1.448421282987055747e-03
1.568256008567914250e-03
1.679872293493644975e-03
1.783005275228788378e-03
1.877787653413065527e-03
1.964667751636284265e-03
2.044326200575596886e-03
2.117598155663813486e-03
2.185404837561577551e-03
2.248696488464929644e-03
2.308407049511629339e-03
2.365419644377197983e-03
2.420541355661498528e-03
2.474485426404271493e-03
2.527859024695544576e-03
2.581154843355193407e-03
2.634744934070454292e-03
2.688875793253941993e-03
2.743663584496403018e-03
2.799089271576349347e-03
2.854993312610076828e-03
2.911070445733798806e-03
2.966865114316874497e-03
3.021768824993387170e-03
3.075021113488674018e-03
3.125716121559207750e-03
3.172816930032240634e-03
3.215180002939632686e-03
3.251591047998658723e-03
3.280813193825338203e-03
3.301646246242739835e-03
3.312994248389600216e-03
3.313936258479088792e-03
3.303793758334450104e-03
3.282187126956159773e-03
3.249074086923542382e-03
3.204764599786358303e-03
3.149909996636779397e-03
3.085466841397987992e-03
3.012640268408972588e-03
2.932813099704389970e-03
2.847468987511092564e-03
2.758116898789353399e-03
2.666223716843774127e-03
2.573158962860588872e-03
2.480154037769466413e-03
2.388275983008725234e-03
2.298414575719220920e-03
2.211280303882290355e-03
2.127410624382264359e-03
2.047181730816305389e-03
1.970823356387541025e-03
1.898434603674559185e-03
1.829999339690857596e-03
1.765400003975514664e-03
1.704429326622403096e-03
1.646799688032274389e-03
1.592150102226241870e-03
1.540051335084058337e-03
1.490009541313952468e-03
1.441469305589748728e-03
1.393817208253267381e-03
1.346387056997855325e-03
1.298468405423136574e-03
1.249320087367777887e-03
1.198190416431543781e-03
1.144345896506138160e-03
1.087109421476384341e-03
1.025908407200404326e-03
9.603316501625158708e-04
8.901918795771734949e-04
8.155884686971148767e-04
7.369627433462255794e-04
6.551359991249228187e-04
5.713197647168044568e-04
4.870891118429199196e-04
4.043127420487735435e-04
3.250395621279267289e-04
2.513483986206210830e-04
1.851755608583971480e-04
1.281408479059109595e-04
8.139706892507092562e-05
4.552650287337201007e-05
2.050297975131343264e-05
5.727813700673323183e-06
1.349266369743418181e-07
2.347841089544999704e-06
1.086126846416846092e-05
2.421667770136082254e-05
