2.836217500146176462e-05
2.832302618571702624e-05
2.820610338005735684e-05
2.801291343246248289e-05
2.774605363242699241e-05
2.740877134499442036e-05
2.700501677566080616e-05
2.653923620243858750e-05
2.601594466966616892e-05
2.543970649071525258e-05
2.481476388993542059e-05
2.414488525914748607e-05
2.343304062435436208e-05
2.268140910643978714e-05
2.189105843797278794e-05
2.106202914831101225e-05
2.019319043711220729e-05
1.928242895132825652e-05
1.832663724599115085e-05
1.732204731297315448e-05
1.626460075954128115e-05
1.515034270482829015e-05
1.397617187137711880e-05
1.274057953537521826e-05
1.144462139279767143e-05
1.009318165756667440e-05
8.696259484963775321e-06
7.270560118399771454e-06
5.841065004119627702e-06
4.442743829713435844e-06
3.122053684023740061e-06
1.938243315180443460e-06
9.640817779654753394e-07
2.859009242683896446e-07
2.501536755517008714e-09
2.227312307923057233e-07
1.061318073425354669e-06
2.632947911251903861e-06
5.044228387873772590e-06
8.383871445971635694e-06
1.271140537539849902e-05
1.804504550761976134e-05
2.434996721945026366e-05
3.152814571194539894e-05
3.941170857046927267e-05
4.776123168426238408e-05
5.627074479264138063e-05
6.458052607172248827e-05
7.229775133055227343e-05
7.902460365016850119e-05
8.439117198122403352e-05
8.809044255997378059e-05
8.991075276298943209e-05
8.976140823335754249e-05
8.768683746041006088e-05
8.386708613272730872e-05
7.860229025880016707e-05
7.228353669574971718e-05
6.535270478025267948e-05
5.825729057562512025e-05
5.140662962332953612e-05
4.513614746315397497e-05
3.968480076821379043e-05
3.518801452173647704e-05
3.168472862569160498e-05
2.913377423396923405e-05
2.743304710861593776e-05
2.643639294319655164e-05
2.596655288300553366e-05
2.582726240518695704e-05
2.581834647230607516e-05
2.575621584810505738e-05
2.549696246489929763e-05
2.495576482886008307e-05
2.411597300522316800e-05
2.302439500567743380e-05
2.177452098806043068e-05
2.048352641281780961e-05
1.926977040511701489e-05
1.823619423646505311e-05
1.746169488114901469e-05
1.699958265533041413e-05
1.688037941960374155e-05
1.711599489340187574e-05
1.770294403513616999e-05
1.862356698723033332e-05
1.984551546740931371e-05
2.132041869629119901e-05
2.298273010126195004e-05
2.475008595581584814e-05
2.652533757441233320e-05
2.820084954180401837e-05
2.966429801176673209e-05
3.080583260839375725e-05
3.152565363961912226e-05
3.174136074335365265e-05
3.139445637145854562e-05
3.045553896185992926e-05
2.892771786378034449e-05
2.684806040065268462e-05
2.428687895417169784e-05
2.134501612260919501e-05
1.814873967020957934e-05
1.484278688224094367e-05
1.158147510693652293e-05
8.518431428683470585e-06
5.795234855554554088e-06
3.529856670070330438e-06
1.805822734013418085e-06
6.630451707678730600e-07
9.181343330055824481e-08
3.115063407221896341e-08
3.725350978811547975e-07
9.697917704443170805e-07
1.654998996514223109e-06
2.259517088987195166e-06
2.638116399111822830e-06
2.693278091214779124e-06
2.396166308926694910e-06
1.800521602035587421e-06
1.046827961204144231e-06
3.547180966734231333e-07
4.370136252873635385e-09
3.085954887183106621e-07
1.579608849056057807e-06
4.094988355518580647e-06
8.067299745562195312e-06
1.362117239978033467e-05
2.078004324346238718e-05
2.946318753060950257e-05
3.949219022558736469e-05
5.060517136712405772e-05
6.247587671737164783e-05
7.473570501304038771e-05
8.699570504688836081e-05
9.886737566944248101e-05
1.099805987649915551e-04
1.199983675093108104e-04
1.286278518080052891e-04
1.356282750180071162e-04
1.408156922479975037e-04
1.440649040205244091e-04
1.453101030932657522e-04
1.445430539490644151e-04
1.418107890884812150e-04
1.372119705820296076e-04
1.308925266414462385e-04
1.230408117720571681e-04
1.138816653423191383e-04
1.036706142372167960e-04
9.268631875158916955e-05
8.122320987524744851e-05
6.958308701143778308e-05
5.806670507979561080e-05
4.696506351820062264e-05
3.655150611336921429e-05
2.707492910758446669e-05
1.875484453250919614e-05
1.177920083250683092e-05
6.305371513803947892e-06
2.464911844413109065e-06
3.721392261013534153e-07
1.363764994266603026e-07
1.876998297234422353e-06
5.740368408169160830e-06
1.191685520041119162e-05
2.065590783217885473e-05
3.227661925109259755e-05
4.717073613846878288e-05
6.579458793964931829e-05
8.864641792172278656e-05
1.162261101086414783e-04
1.489751042811349180e-04
1.871973835676499220e-04
2.309647608029763433e-04
2.800153542636962811e-04
3.336569810414857784e-04
3.906920304359573493e-04
4.493818051827247473e-04
5.074663441604343461e-04
5.622531062527968970e-04
6.107778355186610497e-04
6.500335245647193005e-04
6.772479952275034520e-04
6.901810218948867259e-04
6.874012687347885731e-04
6.684986562248695918e-04
6.341918203958130107e-04
5.863034101025732525e-04
5.275986802502075079e-04
4.615076006047047485e-04
3.917725351669787415e-04
3.220772047853870390e-04
2.557113017047640824e-04
1.953155357483637999e-04
1.427330257257608537e-04
9.897155172211569152e-05
6.426513463964056427e-05
3.820895456385642319e-05
1.993601607352957217e-05
8.304393261937548232e-06
2.068666177024169883e-06
1.808376737244543619e-08
1.072570569249364780e-06
4.336608711241751735e-06
9.116601404457469471e-06
1.491096611516695702e-05
2.138290157915889722e-05
2.832453235157572635e-05
3.561929734985369578e-05
4.320695967408028082e-05
5.105368957458722434e-05
5.912807075958426140e-05
6.738353565083343710e-05
7.574629627526974218e-05
8.410886617582491454e-05
9.232826130300963996e-05
1.002283323856545394e-04
1.076055702640132949e-04
1.142375810729845398e-04
1.198936346185064394e-04
1.243462183566634849e-04
1.273831650649981384e-04
1.288195630309019180e-04
1.285091041154373670e-04
1.263541773823817493e-04
1.223148512110583397e-04
1.164159406670250974e-04
1.087523517924182670e-04
9.949257525931898272e-05
8.887930793832765630e-05
7.722763288597889186e-05
6.491993558199737890e-05
5.239727904893243249e-05
4.014638692240168893e-05
2.868282246026865323e-05
1.852899502807758836e-05
1.018827671828148596e-05
4.115413531735612196e-06
6.846872935284409323e-07
1.577403736519045196e-07
2.653679331388048013e-06
8.124758920757813030e-06
1.634107040615617734e-05
2.688743826695372263e-05
3.917559365618217271e-05
5.247271793962227093e-05
6.594616014865550824e-05
7.872189331692425185e-05
8.995166248837449530e-05
9.888230340493464610e-05
1.049196271054597673e-04
1.076787491456343560e-04
1.070150625679389123e-04
1.030317525305690651e-04
9.606337798118147475e-05
8.663794271512870182e-05
7.542332340904067678e-05
6.316467856493090949e-05
5.062060384375399735e-05
3.850477578737354634e-05
2.743829287510379800e-05
1.791568881515104295e-05
1.028593338503469568e-05
4.747103517388495675e-06
1.353327633069056901e-06
3.061592224185005762e-08
5.988585201066598529e-07
2.797074088789486268e-06
6.309377667435001058e-06
1.078984341518207657e-05
1.588498138005434157e-05
2.125292940036160871e-05
2.657899750602155109e-05
3.158761035138013540e-05
3.605043114873751620e-05
3.979141372667527321e-05
4.268859842682104500e-05
4.467318079548476817e-05
4.572616438736076816e-05
4.587301215508432506e-05
4.517637317746903136e-05
4.372764050231126021e-05
4.163764559450555680e-05
3.902722582438400423e-05
3.601801721231367992e-05
3.272436546808421554e-05
2.924728620712357952e-05
2.567039987866337469e-05
2.205945952482579742e-05
1.846504984825969586e-05
1.492973258621077548e-05
1.149951333445642376e-05
8.239778779284279153e-06
5.255027659245570248e-06
2.710327947852420039e-06
8.507690267833822872e-07
1.271158112103876192e-08
6.188278973695560126e-07
3.148741811287436576e-06
