5.245122736141638597e-06
5.320351448290239205e-06
5.548732531224231934e-06
5.938314785680631758e-06
6.502147002152014466e-06
7.257862122855840425e-06
8.227002268768046633e-06
9.434275071384945477e-06
1.090658467717275926e-05
1.267208173771905422e-05
1.475898886837967439e-05
1.719446183301442943e-05
2.000327815210312110e-05
2.320654284915235621e-05
2.682022415001483751e-05
3.085369719713071390e-05
3.530816002239589579e-05
4.017496320329883019e-05
4.543394706502112967e-05
5.105166616203860031e-05
5.697975565510660090e-05
6.315327649986102188e-05
6.948943209295066481e-05
7.588648344380999333e-05
8.222336546737096796e-05
8.836001038048379996e-05
9.413855508455526433e-05
9.938591092861770449e-05
1.039177495840704069e-04
1.075440211479872232e-04
1.100764114738694843e-04
1.113374153192125959e-04
1.111711395793690826e-04
1.094551855658210116e-04
1.061134348390169180e-04
1.011284388141575619e-04
9.455259409207883436e-05
8.651679468130168971e-05
7.723488251087928802e-05
6.700285068461653282e-05
5.619120905464569660e-05
4.522999635980795574e-05
3.458606362016780622e-05
2.473355422694112349e-05
1.611913452848057204e-05
9.124764076773317356e-06
4.031843971574744501e-06
9.906989362207241356e-07
1.053024334396468475e-11
8.996611313705216162e-07
3.379652326884752256e-06
7.005419249139777094e-06
1.125800551449174236e-05
1.558491079833856929e-05
1.945594729590993666e-05
2.241712223849390284e-05
2.413594610572999954e-05
2.443275120356247498e-05
2.329455696781224106e-05
2.087090027202975762e-05
1.745285580057043262e-05
1.343856469304682832e-05
9.289188255934277549e-06
5.479585155399036012e-06
2.447960412155225640e-06
5.485676268790484755e-07
1.161997431609052001e-08
9.149714088607652229e-07
3.171318212480400689e-06
6.534531294732914830e-06
1.062628805925669440e-05
1.498137946498445672e-05
1.910627223367100669e-05
2.254237223553445801e-05
2.492371734774678771e-05
2.601951301528515614e-05
2.575545657634847885e-05
2.421174892219823960e-05
2.160059338507380744e-05
1.822888231117758551e-05
1.445365218444294442e-05
1.063753698815617099e-05
7.110044904834467161e-06
4.138619999594084220e-06
1.910798104631794558e-06
5.276387895492007374e-07
6.596721391360915732e-09
2.917051347139931750e-07
1.268524940201132267e-06
2.781467244972191111e-06
4.651458596072188811e-06
6.692457958479280933e-06
8.725806438292238454e-06
1.059182109486300760e-05
1.215836469725672941e-05
1.332656026420409034e-05
1.403367122065901640e-05
1.425356708750769030e-05
1.399502717447376199e-05
1.329813012773684022e-05
1.222916381493632798e-05
1.087425285106746742e-05
9.331976173143630149e-06
7.705542785174657183e-06
6.094774931852953159e-06
4.588446643083443632e-06
3.257802092093697865e-06
2.151591289134557883e-06
1.293368853794163442e-06
6.815032804752263473e-07
2.919953345781323151e-07
8.382582450394693296e-08
6.309960554062854499e-09
7.261022005877748597e-09
4.073285708727780730e-08
7.289854409009421943e-08
8.514182070484821452e-08
7.380079125596239464e-08
4.673960063428239664e-08
1.790245107713417383e-08
1.178122488454391714e-09
5.160998739484057296e-09
3.024194938916480169e-08
6.841304411864257418e-08
1.059457730434587575e-07
1.279036041523795575e-07
1.235300999269384192e-07
9.127145972342987079e-08
4.256204988450917881e-08
3.880145982293470297e-09
1.697536333722382551e-08
1.375704670181221445e-07
4.328890810256780242e-07
9.784909167365185567e-07
1.854778645338228671e-06
3.143348379808230675e-06
4.923454625327394751e-06
7.268398562132460938e-06
1.024183670494949183e-05
1.389387249162155058e-05
1.825665771093554213e-05
2.333956528843827982e-05
2.912367824592365650e-05
3.555578786063051666e-05
4.254210914211853378e-05
4.994203632691096573e-05
5.756263576017772721e-05
6.515482685642837168e-05
7.241234806087959441e-05
7.897497869180369889e-05
8.443778477840169217e-05
8.836784861898649979e-05
9.033039887640370580e-05
8.992526807105605258e-05
8.683405238230079703e-05
8.087715433191533521e-05
7.207779744078379736e-05
6.072850246141570096e-05
4.745287438367995492e-05
3.325383413255167397e-05
1.953807515064909239e-05
8.106877160685144190e-06
1.104621773606595525e-06
9.208060589571687160e-07
1.004590178865782946e-05
3.088852619725912518e-05
6.556754816244847461e-05
1.156983593944005406e-04
1.821960602086392100e-04
2.651188567597273504e-04
3.635720176191625796e-04
4.756875204350308195e-04
5.986852734025660538e-04
7.290133089412620393e-04
8.625538392408316213e-04
9.948744503702755537e-04
1.121497728860276766e-03
1.238161962135109206e-03
1.341047150489771411e-03
1.426947121700550269e-03
1.493377225813219411e-03
1.538616157120031858e-03
1.561691728255709677e-03
1.562327096209514821e-03
1.540864332042701790e-03
1.498192309256296539e-03
1.435686291372917367e-03
1.355171754354955738e-03
1.258908114380119514e-03
1.149578639314086104e-03
1.030272134514120808e-03
9.044364436050500444e-04
7.757905002847564901e-04
6.481888787419620712e-04
5.254417426669988345e-04
4.111044892880499901e-04
3.082562676155475856e-04
2.192951910018337003e-04
1.457757406626569718e-04
8.831258909935968404e-05
4.656652772894176451e-05
1.931778838581976743e-05
4.619705805453122593e-06
1.424932349891605554e-08
2.782460313710544142e-06
1.019853230843636993e-05
1.975786277341740060e-05
2.935504802792365808e-05
3.739751150533265900e-05
4.285090712130568136e-05
4.522221350100608106e-05
4.449373065540385142e-05
4.102489228330341575e-05
3.543930283456120378e-05
2.851215612054147641e-05
2.106965054338161281e-05
1.390732144557205174e-05
7.730448501774844772e-06
3.116231937383417971e-06
4.953677290586711024e-07
1.492028331995243207e-07
2.218242428853045567e-06
6.718181495557473681e-06
1.355982765005592228e-05
2.257017746387646184e-05
3.351274918372837419e-05
4.610578713482027524e-05
6.003768923790175904e-05
7.497938321421315777e-05
9.059393694599293667e-05
1.065434482683258466e-04
1.224943642625930806e-04
1.381209701065699846e-04
1.531086225980970994e-04
1.671566729868345647e-04
1.799819030878779813e-04
1.913231420900274315e-04
2.009466766423884110e-04
2.086533969247739151e-04
2.142867683971871884e-04
2.177413260824323515e-04
2.189709718294352570e-04
2.179956709511543522e-04
2.149055508624542199e-04
2.098607906475535856e-04
2.030867202336139599e-04
1.948634473194488237e-04
1.855105700059311857e-04
1.753682028891034861e-04
1.647761556853311049e-04
1.540537036248679215e-04
1.434821521542062328e-04
1.332921363257355551e-04
1.236562929420870205e-04
1.146876673345786912e-04
1.064427632968545367e-04
9.892833875824180723e-05
9.211004386600052385e-05
8.592214908276218921e-05
8.027689275991178874e-05
7.507327981670641748e-05
7.020472898489060753e-05
6.556582522421194881e-05
6.105810122392085759e-05
5.659508801159063296e-05
5.210663395871506509e-05
4.754270568696483679e-05
4.287631739430253219e-05
3.810586943586713460e-05
3.325633545614437026e-05
2.837931964450035593e-05
2.355165466383368766e-05
1.887234246567004448e-05
1.445750372397469619e-05
1.043339352690964006e-05
6.927299352810223354e-06
4.056563241761068639e-06
1.916164052317981259e-06
5.656806365550437476e-07
1.667827120854781242e-08
2.221859745077381376e-07
1.070161076199838135e-06
2.383148498097398260e-06
3.926242200691376638e-06
5.425266976999409962e-06
6.596021790983286337e-06
7.184183189679060888e-06
7.013476547967911756e-06
6.037465325903212943e-06
4.387964679608558072e-06
2.411702311633234785e-06
6.860221475335492869e-07
6.017074838382541202e-09
1.338676028694862907e-06
5.744552339592701173e-06
1.427348279037232714e-05
2.784661201360449923e-05
4.714048782261670567e-05
7.248981958696276706e-05
1.038231009715673281e-04
