2.184766471771126817e-04
2.212403742731794409e-04
2.296372630894438771e-04
2.439847683319840144e-04
2.648134547911240588e-04
2.928692619121875396e-04
3.291170152266431614e-04
3.747454419738005527e-04
4.311739824061078252e-04
5.000617520352079737e-04
5.833191536623871798e-04
6.831223913366102352e-04
8.019314335427907281e-04
9.425117236219193728e-04
1.107960100597438213e-03
1.301735263453451807e-03
1.527693084767633991e-03
1.790127214832182290e-03
2.093815068064941443e-03
2.444069546868377074e-03
2.846796612757884759e-03
3.308558762029178979e-03
3.836644441804537564e-03
4.439143182992211223e-03
5.125026129633170058e-03
5.904231517703806276e-03
6.787754153691594183e-03
7.787737985083253989e-03
8.917570106916627992e-03
1.019197443437747097e-02
1.162710249062115508e-02
1.324061832653455895e-02
1.505177388530398730e-02
1.708147026610618013e-02
1.935229957378226118e-02
2.188856105414060949e-02
2.471624407101558063e-02
2.786296941839339070e-02
3.135787885203455971e-02
3.523146120944886661e-02
3.951530162767369347e-02
4.424173753037052848e-02
4.944340272896852184e-02
5.515263669984449280e-02
6.140073207443208503e-02
6.821698790331254258e-02
7.562753059940519051e-02
8.365385862543917028e-02
9.231106219094442622e-02
1.016056680713859350e-01
1.115330646074141896e-01
1.220744792613714935e-01
1.331935170003930580e-01
1.448323321466773450e-01
1.569076081319451532e-01
1.693066661253368466e-01
1.818842137590337416e-01
1.944604604468480602e-01
2.068215240325201876e-01
2.187231559032483119e-01
2.298987149955991072e-01
2.400719128850852258e-01
2.489740666353412735e-01
2.563644884180291683e-01
2.620514470305010946e-01
2.659102702752562664e-01
2.678950772637733735e-01
2.680415913334144307e-01
2.664603272561407721e-01
2.633215839772873323e-01
2.588353577616970824e-01
2.532299875790329224e-01
2.467329705081908742e-01
2.395562644376099115e-01
2.318870241621482364e-01
2.238835236169762766e-01
2.156752313045444680e-01
2.073656676385127184e-01
1.990366943486208129e-01
1.907531334229730646e-01
1.825669592411856001e-01
1.745206535612737753e-01
1.666496011945213240e-01
1.589836047875081704e-01
1.515477091678576471e-01
1.443625624645790140e-01
1.374445253948266554e-01
1.308056943110926795e-01
1.244539485593634254e-01
1.183930812690476841e-01
1.126230323750405660e-01
1.071402158581236108e-01
1.019379186984110675e-01
9.700674381659268875e-02
9.233507065286516990e-02
8.790951167938487743e-02
8.371534953883497110e-02
7.973694575207446178e-02
7.595811712360500678e-02
7.236248067130190975e-02
6.893377030657177329e-02
6.565613063111186420e-02
6.251439343786557856e-02
5.949434186847213368e-02
5.658296597871981248e-02
5.376871055412379974e-02
5.104171328073903169e-02
4.839402710750562164e-02
4.581981636975740457e-02
4.331551183541648697e-02
4.087990553910003655e-02
3.851416394732609660e-02
3.622173798591177274e-02
3.400815206070717522e-02
3.188066330199035292e-02
2.984779553128191765e-02
2.791876962149331121e-02
2.610287002654843036e-02
2.440880204460427194e-02
2.284410205081144341e-02
2.141466028177774206e-02
2.012440227045431129e-02
1.897515351542722328e-02
1.796668619590491289e-02
1.709692340915580644e-02
1.636225946356262284e-02
1.575794721250645125e-02
1.527850491238780251e-02
1.491810343937061134e-02
1.467090737635601272e-02
1.453135586034193238e-02
1.449438040529571481e-02
1.455556493098697501e-02
1.471125786316918038e-02
1.495864811626290702e-02
1.529581681273839422e-02
1.572177485411430098e-02
1.623649473620503159e-02
1.684094263033841798e-02
1.753711481300967989e-02
1.832808077642766875e-02
1.921803365254959317e-02
2.021234762982260236e-02
2.131764049156004148e-02
2.254183872662451904e-02
2.389424126830874684e-02
2.538557697978660599e-02
2.702804974354933165e-02
2.883536352143778458e-02
3.082271867172892144e-02
3.300676895155163493e-02
3.540552737548807727e-02
3.803820760778364729e-02
4.092498591974447208e-02
4.408666785697334944e-02
4.754424232319820476e-02
5.131830592830510795e-02
5.542834104201688206e-02
5.989183396205532972e-02
6.472322539335095826e-02
6.993269544395275261e-02
7.552479899665343055e-02
8.149698644284342208e-02
8.783806643023694960e-02
9.452669168079808060e-02
1.015299734830108491e-01
1.088023531128214927e-01
1.162848772707860689e-01
1.239050356620055027e-01
1.315773185042985460e-01
1.392046339137920086e-01
1.466806840016516844e-01
1.538933295700957160e-01
1.607288758512765980e-01
1.670770916761483704e-01
1.728366462756696365e-01
1.779205349896102462e-01
1.822609933097538715e-01
1.858133947483366910e-01
1.885587035569926684e-01
1.905042059978399038e-01
1.916824484224690650e-01
1.921485282367427772e-01
1.919760715502292214e-01
1.912523551848437364e-01
1.900730729302466671e-01
1.885372109970546717e-01
1.867424048041073092e-01
1.847810263505493822e-01
1.827371253460370326e-01
1.806842390896008510e-01
1.786840065699237812e-01
1.767854750389261653e-01
1.750249688404181825e-01
1.734263937641316033e-01
1.720018684080741878e-01
1.707525993199965342e-01
1.696699433962294279e-01
1.687366243492363083e-01
1.679280867150794165e-01
1.672139788748268074e-01
1.665597545196675355e-01
1.659283709253003281e-01
1.652820440954769765e-01
1.645839991722937157e-01
1.638001353391302928e-01
1.629005121841942128e-01
1.618605649700839422e-01
1.606619701699258940e-01
1.592931104396200226e-01
1.577491237361670073e-01
1.560315606646867082e-01
1.541477082296580647e-01
1.521096636498242560e-01
1.499332546738543215e-01
1.476369023304044958e-01
1.452405119504192044e-01
1.427644600932183039e-01
1.402287241097042170e-01
1.376521801730348216e-01
1.350520777834276487e-01
1.324436843021175036e-01
1.298400840768323405e-01
1.272521109099500336e-01
1.246883911557290503e-01
1.221554750519402432e-01
1.196580363057506702e-01
1.171991229991533601e-01
1.147804460246817371e-01
1.124026944460609911e-01
1.100658694629998990e-01
1.077696303723882920e-01
1.055136467188333427e-01
1.032979505430944300e-01
1.011232819354006551e-01
9.899141921407306199e-02
9.690548315981573069e-02
9.487020222866249242e-02
9.289212424228310283e-02
9.097975854801632067e-02
8.914363356333865340e-02
8.739625661132777168e-02
8.575196786824790252e-02
8.422668686392853488e-02
8.283755855815400082e-02
8.160251530695461497e-02
8.053977918798693736e-02
7.966733581558571586e-02
7.900241255697437737e-02
7.856099224572687945e-02
7.835738622975441103e-02
7.840388004204612571e-02
7.871045194158909908e-02
7.928455238578635544e-02
8.013092240737762495e-02
8.125142380728789249e-02
8.264485397371856834e-02
8.430672376482561958e-02
8.622898616921759185e-02
8.839971527629586490e-02
9.080274687208600426e-02
9.341730377391854745e-02
9.621763869613175757e-02
9.917273662627223985e-02
1.022461261466531823e-01
1.053958547014275382e-01
1.085746860362348798e-01
1.117305762120395229e-01
1.148074770015341528e-01
1.177464993118917391e-01
1.204874444469936634e-01
1.229706767678635515e-01
1.251392712584333822e-01
1.269413264168974820e-01
1.283322948381453443e-01
1.292771570075217369e-01
1.297522558566868156e-01
1.297466245336380553e-01
1.292626780391969987e-01
1.283161964961863077e-01
1.269355943563965639e-01
1.251605354350004973e-01
1.230400084808707106e-01
1.206300141767684408e-01
1.179910313890530915e-01
1.151854301549946058e-01
1.122749849462962857e-01
1.093186214255297273e-01
1.063705040009494951e-01
1.034785430470748224e-01
1.006833691400004227e-01
9.801778789568516004e-02
9.550669539335387981e-02
9.316740389267863520e-02
9.101030447440905391e-02
8.903977978646082647e-02
8.725527567037261178e-02
8.565244492481838279e-02
8.422428572478679598e-02
8.296221058297703621e-02
