2.721604550970369019e-05
2.702412334087966883e-05
2.645659417055412632e-05
2.553754653433770727e-05
2.430538661712944304e-05
2.281034137752158131e-05
2.111130734760990890e-05
1.927223206621420104e-05
1.735837599881051574e-05
1.543267005388315738e-05
1.355258449109442154e-05
1.176747296938174259e-05
1.011686752860896377e-05
8.629483318145503290e-06
7.323258046199043747e-06
6.206081479831482284e-06
5.277344726550836640e-06
4.529926854957011528e-06
3.952602483536793443e-06
3.532500031155905162e-06
3.257446039128808479e-06
3.118020330816761998e-06
3.108967902676340600e-06
3.229957599160115933e-06
3.485502006128626817e-06
3.883912853552828892e-06
4.435424244775276748e-06
5.149336573140317341e-06
6.030592800243539386e-06
7.075755178220788366e-06
8.268829319035830849e-06
9.577391153925418621e-06
1.094931992895453732e-05
1.231091523834493273e-05
1.356683577569128829e-05
1.460273527698063845e-05
1.529112175546742947e-05
1.550137446315602574e-05
1.511434325607297069e-05
1.404246627600969077e-05
1.225551871186780772e-05
9.812437326672807103e-06
6.898965395407685719e-06
3.870411390494155057e-06
1.298010374739533290e-06
1.632822943520295667e-08
1.167910411936645687e-06
6.239441290745162405e-06
1.708218499629765574e-05
3.590734641534254479e-05
6.524538430596749095e-05
1.078578218880466011e-04
1.665906186900656394e-04
2.441615692845289232e-04
3.428806317913313251e-04
4.643128783641259361e-04
6.089082014142377375e-04
7.756398795777386113e-04
9.617111916782050685e-04
1.162402068260348642e-03
1.371127935215099569e-03
1.579764966891161748e-03
1.779256267582240980e-03
1.960455316307729845e-03
2.115098928257452826e-03
2.236751650784185586e-03
2.321546604818536252e-03
2.368577308274666393e-03
2.379867116914624603e-03
2.359936852187161094e-03
2.315077122929665165e-03
2.252484179678049259e-03
2.179421913538703848e-03
2.102536708321167680e-03
2.027392120993454228e-03
1.958231458687009763e-03
1.897932121110557091e-03
1.848094695972690715e-03
1.809208429023101417e-03
1.780845933765817790e-03
1.761857041429948367e-03
1.750546774005101724e-03
1.744833236955400935e-03
1.742387617710505765e-03
1.740759450029827349e-03
1.737489983042905806e-03
1.730214594005019535e-03
1.716753486135758067e-03
1.695189564642873847e-03
1.663932040557369874e-03
1.621765345774406342e-03
1.567883648903034555e-03
1.501912004911787335e-03
1.423916141902736854e-03
1.334402582997995523e-03
1.234310763621238038e-03
1.124998815782873862e-03
1.008223008710729118e-03
8.861109421758328608e-04
7.611272337015861922e-04
6.360298807663866683e-04
5.138150389427664777e-04
3.976475610869556476e-04
2.907749644549539880e-04
1.964230984299319971e-04
1.176729458620684454e-04
5.731999881675164943e-05
1.771975121300783940e-05
6.261519303052409668e-07
7.032637057591273333e-06
3.702899279289795231e-05
8.968949309462459496e-05
1.630095784861396169e-04
2.539078576972997325e-04
3.583072875272819147e-04
4.713035091441497570e-04
5.874189097738735654e-04
7.009296043634094531e-04
8.062399095791761283e-04
8.982678601654470185e-04
9.727994275152695991e-04
1.026768922201881651e-03
1.058432193914882191e-03
1.067413803625072433e-03
1.054628378170718861e-03
1.022094511583304666e-03
9.726726749619274415e-04
9.097655779015667576e-04
8.370181672461285416e-04
7.580477548003727861e-04
6.762249525849028942e-04
5.945151452237951162e-04
5.153813150400310406e-04
4.407421444767578578e-04
3.719754565452149109e-04
3.099555565881928487e-04
2.551131917556404005e-04
2.075082643671066762e-04
1.669072924528336443e-04
1.328594529610427344e-04
1.047669951503849006e-04
8.194716218667963403e-05
6.368417388102898258e-05
4.927062771287182841e-05
3.803837053339975682e-05
2.937951467174571007e-05
2.275854062361304386e-05
1.771682370588223421e-05
1.387116120099562977e-05
1.090816763849034032e-05
8.576404795235248457e-06
6.678691420347604435e-06
5.066651354468376667e-06
3.639871820837470295e-06
2.351544395651217201e-06
1.222129128564120037e-06
3.616001720274653053e-07
1.776356839400250465e-12
5.245568956979695940e-07
2.520200439448672114e-06
6.809283163988766319e-06
1.448496369960139418e-05
2.693217049909435445e-05
4.583004688640812674e-05
7.312982980067772587e-05
1.110031478503969993e-04
1.617565360589878765e-04
2.277094027220982753e-04
3.110344466961123544e-04
4.135621315839443923e-04
5.365544040785152902e-04
6.804586512743071580e-04
8.446601575258227967e-04
1.027260115833428245e-03
1.224915007114191212e-03
1.432778623552621866e-03
1.644586885575449742e-03
1.852914332403088338e-03
2.049607939383690791e-03
2.226371697233275881e-03
2.375439902991161034e-03
2.490249545871847658e-03
2.566011207022711460e-03
2.600090746824434973e-03
2.592147334169681017e-03
2.544020569175131641e-03
2.459404565044565061e-03
2.343380557960017541e-03
2.201891945802003647e-03
2.041239236390879341e-03
1.867651072558373926e-03
1.686960468546772063e-03
1.504391209024902309e-03
1.324441182234181724e-03
1.150840772169203774e-03
9.865622136828733346e-04
8.338592919443499341e-04
6.943224564395222842e-04
5.689401424149309605e-04
4.581625003083900083e-04
3.619667566852058371e-04
2.799252179528366469e-04
2.112767475921373261e-04
1.550018123026575267e-04
1.098993812149728910e-04
7.466298080771593959e-05
4.795224779741147358e-05
2.845641661508580000e-05
1.494667149870565481e-05
6.315705434190022061e-06
1.603948732054050197e-06
1.324330867191747529e-08
9.098417592667829012e-07
3.819205190325192234e-06
8.415055461341580667e-06
1.450525867596752505e-05
2.201649787991755147e-05
3.097901050352902530e-05
4.151216317893613450e-05
5.381105823687448719e-05
6.813356260693126387e-05
8.478718092419512686e-05
1.041147743165993234e-04
1.264779765648427201e-04
1.522375327596137140e-04
1.817295573687260912e-04
2.152374248538535539e-04
2.529591311599688197e-04
2.949706452710643134e-04
3.411863270628145983e-04
3.913183095534122913e-04
4.448376622150362891e-04
5.009408370142409694e-04
5.585259930001029716e-04
6.161842577228071605e-04
6.722115049484500560e-04
7.246455571703336318e-04
7.713330504230953011e-04
8.100274410907104539e-04
8.385168230518047494e-04
8.547758588406395575e-04
8.571312732499336562e-04
8.444265300227016269e-04
8.161678835278962652e-04
7.726336435354141940e-04
7.149303874314227869e-04
6.449853306094155414e-04
5.654712521021565408e-04
4.796688379968827576e-04
3.912794289249177382e-04
3.042065373648483728e-04
2.223276109418748092e-04
1.492769990818487713e-04
8.825776042442612379e-05
4.189511066954310081e-05
1.213813456502066401e-05
2.111639929580633179e-07
6.611231597730693466e-06
3.114471702758692118e-05
7.299459039700195717e-05
1.308086502405103602e-04
2.028000628797599347e-04
2.868521849421767911e-04
3.806215944592850065e-04
4.816348841387707580e-04
5.873760982240128214e-04
6.953638087878744045e-04
8.032171935070664404e-04
9.087116873587319787e-04
1.009825431410149577e-03
1.104777259257616606e-03
1.192057624052722531e-03
1.270452872461191873e-03
1.339063652011418526e-03
1.397316886851740492e-03
1.444970983655480268e-03
1.482113322438749492e-03
1.509148490782763474e-03
1.526776595667911351e-03
1.535960179438689011e-03
1.537879529820429525e-03
1.533876599836503374e-03
1.525388617764633636e-03
1.513873268109477976e-03
1.500727852288719077e-03
1.487205246490930222e-03
1.474329388386763640e-03
1.462813058040524083e-03
1.452980592134167637e-03
1.444699303931429313e-03
1.437325255793098222e-03
1.429672203997256474e-03
1.420016997556672322e-03
1.406158210969010725e-03
1.385545538042265434e-03
1.355492567981286811e-03
1.313472330124909604e-03
1.257473525157593031e-03
1.186369856100100151e-03
1.100233628548608067e-03
