6.817303699335752754e-08
7.669092383366660215e-08
1.050072881980668171e-07
1.613703233260821435e-07
2.585882015182505711e-07
4.129503281546931248e-07
6.427039949130630703e-07
9.663704503282133373e-07
1.400958154817999457e-06
1.960258003919079783e-06
2.653441697475500405e-06
3.483877875964935811e-06
4.448504171250533545e-06
5.537491389873139269e-06
6.734564053090252855e-06
8.017738323928824684e-06
9.360419795712004998e-06
1.073289328701321210e-05
1.210395184614299069e-05
1.344283364801412972e-05
1.472082358588977513e-05
1.591306771331346681e-05
1.699996232673584018e-05
1.796828979649944813e-05
1.881202679498983343e-05
1.953277167388023372e-05
2.013980149229155359e-05
2.064974974302913324e-05
2.108623965568767744e-05
2.147898260318470420e-05
2.186316997665471717e-05
2.227875141613822052e-05
2.276982154114648438e-05
2.338428362236300018e-05
2.417375742425065255e-05
2.519363349051673140e-05
2.650325565412003925e-05
2.816607349132027593e-05
3.024926026284902036e-05
3.282275812921398028e-05
3.595702565917235916e-05
3.971916869716096699e-05
4.416707352561388689e-05
4.934118351229699329e-05
5.525406747608485603e-05
6.187793431422505819e-05
6.913134770059059520e-05
7.686642265980481170e-05
8.485891557086233661e-05
9.280407061851292383e-05
1.003212968697653196e-04
1.069708160912341555e-04
1.122842270859791824e-04
1.158091625796942026e-04
1.171653300673369813e-04
1.161051558113967985e-04
1.125689692997866587e-04
1.067214214884870671e-04
9.895695747275112808e-05
8.986573541847064917e-05
8.016096832363928115e-05
7.058045345331720455e-05
6.178453642746717378e-05
5.427669900370801770e-05
4.836530789020798693e-05
4.416920812388980266e-05
4.165290675928190467e-05
4.066807011327000509e-05
4.098312207645449234e-05
4.229833399449489661e-05
4.425778408290170773e-05
4.647432186288824596e-05
4.857400611513185140e-05
5.025244919920623943e-05
5.132482934300242050e-05
5.175232132614837610e-05
5.163665437635245326e-05
5.118792661562565627e-05
5.067839626349268656e-05
5.039752713287271035e-05
5.061827573626942467e-05
5.157805064470721845e-05
5.347175718384278298e-05
5.645063400550043298e-05
6.062124008110458817e-05
6.604106204122217605e-05
7.270997288344460685e-05
8.055914507565375970e-05
8.944108301989217580e-05
9.912384113874850300e-05
1.092921200580576624e-04
1.195570939103163255e-04
1.294743219943939039e-04
1.385688908612792147e-04
1.463657112878991029e-04
1.524219757129685604e-04
1.563589741238047282e-04
1.578909384249982395e-04
1.568475803708224703e-04
1.531896064221882625e-04
1.470150089346589084e-04
1.385554718495995985e-04
1.281631832625862444e-04
1.162885758247966805e-04
1.034498632463964896e-04
9.019744548766084336e-05
7.707469099216268660e-05
6.457978787466345238e-05
5.313174148113830597e-05
4.304449016956368723e-05
3.451329507697664667e-05
2.761568327969143866e-05
2.232806254198749230e-05
1.855819579077433445e-05
1.618984248352717259e-05
1.513444159684240731e-05
1.538304157122638571e-05
1.704995301565759291e-05
2.040001081127229554e-05
2.585364232743359025e-05
3.396571776193013648e-05
4.537931800996375387e-05
6.075908500235982501e-05
8.071217446570244647e-05
1.057071774681617171e-04
1.360018512315264161e-04
1.715878010486449057e-04
2.121585864358621620e-04
2.571039607488501133e-04
3.055286619826347305e-04
3.562925578819431394e-04
4.080669390020830178e-04
4.594006757088209270e-04
5.087905805538639470e-04
5.547504756577836815e-04
5.958759837056959441e-04
6.309013342615799047e-04
6.587466515526330113e-04
6.785553156731793933e-04
6.897209913461210817e-04
6.919048052509424451e-04
6.850427046742879611e-04
6.693448908521304475e-04
6.452856390950501009e-04
6.135875518253897098e-04
5.751959290165586935e-04
5.312482801116402698e-04
4.830350812881079037e-04
4.319546619910852314e-04
3.794629031119711726e-04
3.270159740225153655e-04
2.760115448978694985e-04
2.277281284790433347e-04
1.832662854752697967e-04
1.434963897679608635e-04
1.090168144628478331e-04
8.012714296512513101e-05
5.682136907125823200e-05
3.880449183668588375e-05
2.553440636177128908e-05
1.628831464017821418e-05
1.024976026542390173e-05
6.608976164557134325e-06
4.665677181492355885e-06
3.921194547729101032e-06
4.145873688798928924e-06
5.409048171145514061e-06
8.062913451567510492e-06
1.267754851141944528e-05
1.993239898467891180e-05
3.047746258744155057e-05
4.478477502800615184e-05
6.301527076857382781e-05
8.492593531173042720e-05
1.098388449776166453e-04
1.366832648272975348e-04
1.641100643325899000e-04
1.906615787703458409e-04
2.149690534736237169e-04
2.359384861563285085e-04
2.528880124117449668e-04
2.656083940024700496e-04
2.743332812684684541e-04
2.796297233800260074e-04
2.822343183908060382e-04
2.828722866325961149e-04
2.820962063907472839e-04
2.801713711164666165e-04
2.770279138388787032e-04
2.722828474617244865e-04
2.653308915512297972e-04
2.554892718791279549e-04
2.421729918893333888e-04
2.250665076815039356e-04
2.042548823624201759e-04
1.802826990058292722e-04
1.541245412823855077e-04
1.270712245258209805e-04
1.005547049146571226e-04
7.594791230758346501e-05
5.437877055669559923e-05
3.659235107988934033e-05
2.288299015162920114e-05
1.310307618496153736e-05
6.741242188468277163e-06
3.051065974091216049e-06
1.205134424253628822e-06
4.479115176536652143e-07
2.239661256453473470e-07
2.644088112901954446e-07
6.229662830037341337e-07
1.661220707660504559e-06
3.990263323316867172e-06
8.380377224170842965e-06
1.565412628679041518e-05
2.657715062071019929e-05
4.175989917598599277e-05
6.157995183286857355e-05
8.613080966313191311e-05
1.151989068830516771e-04
1.482681113316175470e-04
1.845476247979149775e-04
2.230182005007463886e-04
2.624913699236230968e-04
3.016756144234022941e-04
3.392445427010670755e-04
3.739037158680957873e-04
4.044511840959330584e-04
4.298314380548617919e-04
4.491807595883301474e-04
4.618609076629809351e-04
4.674846733649928865e-04
4.659282854504454008e-04
4.573347895728829826e-04
4.421051907996798036e-04
4.208788256931939031e-04
3.945037022674569016e-04
3.639959037542439546e-04
3.304911880803729218e-04
2.951888275362080094e-04
2.592916240757858759e-04
2.239449214158639734e-04
1.901783575846138774e-04
1.588554974176759060e-04
1.306355395911396045e-04
1.059508512781803802e-04
8.500376421238797775e-05
6.778316259214989259e-05
5.409997073968497716e-05
4.363791815364947979e-05
3.601337645875446469e-05
3.083689672678247007e-05
2.776823517081083992e-05
2.655773023718666082e-05
2.706810063557441026e-05
2.927489910575786780e-05
3.324603122223379614e-05
3.910461465750358911e-05
4.698127209223912359e-05
5.696368397423157148e-05
6.905033558268769411e-05
8.311504164737471001e-05
9.888616463626931363e-05
1.159428472163881452e-04
1.337278382038675772e-04
1.515747429010616543e-04
1.687469149374010158e-04
1.844834390141159020e-04
1.980480668777317987e-04
2.087770543681699564e-04
2.161231071369229539e-04
2.196910024139242523e-04
2.192644716814129424e-04
2.148215104966766376e-04
2.065377255462408357e-04
1.947773343857761574e-04
1.800719538351813753e-04
1.630886503818373967e-04
1.445874946313097098e-04
1.253727052414888021e-04
1.062394268558364274e-04
8.792058802953306440e-05
7.103815948994451901e-05
5.606428383941874927e-05
4.329665405577998172e-05
3.285188371648928296e-05
2.467931139449319744e-05
1.859452295605024119e-05
1.432917105148590053e-05
1.159039402409689501e-05
1.012011763634745876e-05
9.743425351871337625e-06
1.039512955003374373e-05
1.211734895889549080e-05
1.502583413071079121e-05
1.925047430972881557e-05
2.486288610725750914e-05
3.180978993100325170e-05
3.987254417836538778e-05
4.866898626687543583e-05
