0.000000000000000000e+00
9.546489000911151379e-05
3.799563700113139930e-04
8.479581399996050095e-04
1.490895759999943948e-03
2.297983360008970521e-03
3.257257680004954636e-03
4.356676490004929292e-03
5.585157430004983325e-03
6.933448690006116522e-03
8.394749949999891214e-03
9.965036330001453280e-03
1.164307338000014624e-02
1.343014323001057164e-02
1.532952694999778487e-02
1.734580564000509639e-02
1.948405088000981777e-02
2.174897640000494903e-02
2.414411818000417043e-02
2.667110119000426494e-02
2.932903922000207331e-02
3.211410197000930111e-02
3.501926955000556063e-02
3.803428159000077358e-02
4.114577440000743991e-02
4.433758655000019644e-02
4.759120024000651483e-02
5.088627329000416921e-02
5.420120605000988689e-02
5.751367861000744597e-02
6.080108954000706944e-02
6.404082837001112694e-02
6.721032268001181365e-02
7.028681754000842830e-02
7.324687091001180761e-02
7.606558183000800000e-02
7.871560713000747000e-02
8.116606181000918241e-02
8.338143449000767760e-02
8.532067573000290395e-02
8.693663054999944961e-02
8.817598333000375987e-02
8.897986350000053335e-02
8.928522629000212874e-02
8.902707725000880146e-02
8.814155682000546221e-02
8.656984470999873338e-02
8.426278390000163654e-02
8.118605895000996497e-02
7.732568952000917761e-02
7.269351380000443896e-02
6.733223919999886675e-02
6.131953532000977702e-02
5.477055594001001282e-02
4.783823075000270819e-02
4.071070146000010936e-02
3.360542899000051875e-02
2.675979443000642277e-02
2.041845373000228392e-02
1.481824212000049101e-02
1.017196832999900380e-02
6.652866500004961381e-03
4.381653990009226618e-03
3.417977300003371965e-03
3.757493470004646952e-03
5.335004060000869686e-03
8.033098110004743830e-03
1.169488407001040287e-02
1.613880296000047565e-02
2.117334887999788862e-02
2.660979905000715462e-02
3.227168186000994865e-02
3.800051106000523760e-02
4.365808433000495370e-02
4.912621110000259250e-02
5.430499860000281842e-02
5.911077950000276360e-02
6.347448068000005605e-02
6.734083093000720055e-02
7.066840942000851555e-02
7.343024349000870643e-02
7.561451811000097223e-02
7.722495942999785257e-02
7.828056201000777037e-02
7.881449008000629419e-02
7.887214804000564072e-02
7.850854880000213143e-02
7.778519273000483736e-02
7.676670474000957256e-02
7.551747119001106512e-02
7.409848595000312343e-02
7.256456996999816056e-02
7.096208192000119652e-02
6.932719646000862213e-02
6.768479424000872768e-02
6.604798458999994182e-02
6.441826576001119520e-02
6.278631533000123000e-02
6.113339109001003635e-02
5.943330648000255678e-02
5.765492115000370177e-02
5.576505442000723178e-02
5.373168708000264360e-02
5.152726839000365544e-02
4.913189530000749983e-02
4.653609024001070793e-02
4.374288473000831345e-02
4.076893086001120992e-02
3.764442375999976775e-02
3.441172826001093199e-02
3.112275683000120807e-02
2.783532242000319457e-02
2.460885854000594009e-02
2.150002227000413768e-02
1.855873989001111113e-02
1.582520202001092002e-02
1.332816839000372511e-02
1.108473025000478174e-02
9.101445150008657947e-03
7.376553090011839231e-03
5.902846080005019758e-03
4.670713280006566492e-03
3.670921000008320334e-03
2.896788710003761480e-03
2.345559209999237282e-03
2.018901420001384395e-03
1.922604420002471670e-03
2.065606260003960415e-03
2.458549190009762242e-03
3.112066059998142009e-03
4.034991750003769084e-03
5.232666650002215647e-03
6.705466219997902044e-03
8.447657079997838991e-03
1.044664985001020341e-02
1.268269391999865547e-02
1.512903727000036724e-02
1.775255593000224508e-02
2.051483788000041386e-02
2.337368515000548541e-02
2.628497240000626789e-02
2.920477090999895609e-02
3.209161458001119627e-02
3.490875292000339414e-02
3.762620969000352034e-02
4.022245206000718554e-02
4.268548129000748759e-02
4.501318681001009736e-02
4.721286577000682882e-02
4.929989437999893198e-02
5.129563935000192032e-02
5.322479987999884088e-02
5.511245542000153819e-02
5.698114297000245188e-02
5.884828650000883954e-02
6.072424751000937704e-02
6.261116761000096176e-02
6.450265048999881401e-02
6.638420550000034837e-02
6.823427371000434505e-02
7.002559615000336635e-02
7.172667138000576870e-02
7.330308219000869485e-02
7.471853751999901760e-02
7.593555948000130229e-02
7.691583048000438794e-02
7.762028982000401811e-02
7.800912285000549673e-02
7.804181791000530666e-02
7.767747415000769706e-02
7.687553175000516603e-02
7.559706551000999752e-02
7.380673597999987123e-02
7.147543055000937784e-02
6.858354963000579119e-02
6.512480172000323364e-02
6.111026879000291956e-02
5.657239738000896523e-02
5.156847326000502107e-02
4.618306863000043450e-02
4.052893298000981304e-02
3.474585615001046790e-02
2.899718199999767876e-02
2.346389225000677925e-02
1.833649203000220496e-02
1.380525875001126224e-02
1.004969688000301176e-02
7.228197490007914894e-03
5.468882409999764604e-03
4.862409289998481654e-03
5.457176640007332935e-03
7.256992820003915767e-03
1.022097591000203920e-02
1.426531503000205703e-02
1.926657076000992674e-02
2.506636073999857217e-02
3.147745389000533578e-02
3.829136419000178648e-02
4.528742677000252570e-02
5.224307186000487491e-02
5.894468034000510670e-02
6.519813313001066035e-02
7.083806194000885625e-02
7.573491121000586190e-02
7.979920331000300848e-02
8.298277834001055453e-02
8.527716267001039796e-02
8.670952513000429462e-02
8.733686567001086587e-02
8.723914107000041440e-02
8.651198952000527242e-02
8.525960538000276756e-02
8.358817562000808721e-02
8.160014902000511938e-02
7.938948896000397326e-02
7.703796994000811083e-02
7.461251818000391722e-02
7.216356532001100277e-02
6.972437334999881386e-02
6.731129141000735672e-02
6.492491238999775760e-02
6.255210001999955693e-02
6.016884867000271697e-02
5.774390992000633105e-02
5.524306829001091046e-02
5.263387070000646872e-02
4.989051504000485693e-02
4.699849406000566887e-02
4.395849323000788900e-02
4.078898566000077608e-02
3.752698793999797999e-02
3.422657003000040277e-02
3.095496388000640309e-02
2.778647496000985484e-02
2.479481419000251208e-02
2.204484644001070137e-02
1.958499079000830534e-02
1.744151796999915405e-02
1.561573519001058230e-02
1.408456380001155139e-02
1.280440905000546081e-02
1.171764055000323879e-02
1.076058528001055947e-02
9.871767900008876495e-03
8.999226420002059967e-03
8.106026880000172241e-03
7.173500540005761650e-03
6.202128720005362084e-03
5.210325970011808749e-03
4.231581730010702813e-03
3.310509800002137126e-03
2.498345610007390860e-03
1.848357170004533145e-03
1.411530639998659353e-03
1.232782480002470038e-03
1.347856090006871455e-03
1.780988930008220450e-03
2.543389970000475842e-03
3.632540880005308281e-03
5.032324129999210527e-03
6.713976620005723817e-03
8.637862150010278128e-03
1.075604022000220539e-02
1.301557569000522108e-02
1.536247795000633687e-02
1.774607760999913353e-02
2.012354794000259517e-02
2.246416890000091371e-02
2.475283563001084985e-02
2.699226125000109278e-02
2.920335075000934921e-02
3.142335803001117256e-02
3.370169607001116674e-02
3.609363166999912664e-02
3.865250590000357533e-02
4.142148924999844439e-02
4.442610094000087884e-02
4.766871127000626984e-02
5.112597093000204040e-02
5.474961506000397549e-02
5.847048457999903803e-02
6.220504035000828935e-02
6.586325245000068662e-02
6.935660764000317613e-02
7.260509643001000768e-02
7.554235469000047942e-02
7.811854262000395011e-02
8.030094533000919910e-02
8.207259750000162057e-02
8.342943493001087063e-02
8.437655440000924045e-02
8.492414644000234603e-02
8.508358439000573981e-02
8.486404277000758611e-02
8.426990367000541937e-02
8.329910796000206119e-02
8.194252619000508275e-02
8.018436403000350765e-02
7.800357362000909234e-02
7.537621226001078867e-02
