1.811582557422752870e-04
1.793185628571336565e-04
1.738941998041809711e-04
1.651621901714861451e-04
1.535613154572956773e-04
1.396599726604108582e-04
1.241156916904628815e-04
1.076297817803606449e-04
9.090128402533537155e-05
7.458392937564894964e-05
5.924926715294986934e-05
4.535858005283444072e-05
3.324481437516624283e-05
2.310519437287439359e-05
1.500388489716897311e-05
8.883699322836946521e-06
4.584937968843405542e-06
1.869331853754374606e-06
4.467728587087549386e-07
2.781860075629083440e-09
2.244176471322134603e-07
8.231004926528839860e-07
1.552826191186795768e-06
2.222834112330929202e-06
2.704102570305622066e-06
2.929717226152206422e-06
2.889311687681583862e-06
2.618609840965291369e-06
2.185133794796456641e-06
1.671905707212317793e-06
1.160998877480778901e-06
7.190172226501090336e-07
3.866324931323106284e-07
1.741096866680891253e-07
6.396081175807921682e-08
2.166596857477998128e-08
1.391590842558798613e-08
3.312032959001953714e-08
1.254799286698471406e-07
4.191426654642782523e-07
1.147868900375215162e-06
2.665406327650998719e-06
5.445815773441609053e-06
1.006559659799677320e-05
1.716500329962400428e-05
2.738765239485019265e-05
4.129989319778815116e-05
5.929428451167950698e-05
8.148398245566568221e-05
1.075980508460361307e-04
1.368899525431288566e-04
1.680744877887718758e-04
1.993102405748459205e-04
2.282463826901448556e-04
2.521526554630781902e-04
2.681476795913795286e-04
2.735321401132750907e-04
2.662160252810963357e-04
2.452045839476113542e-04
2.110781039448283991e-04
1.663744646407394612e-04
1.157698390414907408e-04
6.595876895687524666e-05
2.516305988820022321e-05
2.249627371497808781e-06
5.511213331033104623e-06
4.125687146938616934e-05
1.124532962535340630e-04
2.177169881036888910e-04
3.509393350782374910e-04
5.017137891343281808e-04
6.565520383219336509e-04
8.006835724074790051e-04
9.200967069915577667e-04
1.003437449199395815e-03
1.043436239527295584e-03
1.037653418805462024e-03
9.884815910794486626e-04
9.024795062231305565e-04
7.892141891261417186e-04
6.598413965832605754e-04
5.256605159615901357e-04
3.968462323058474794e-04
2.814994883237886825e-04
1.850899187161303416e-04
1.102948897937494621e-04
5.718713433111588529e-05
2.368772766203619540e-05
6.186377518702101952e-06
2.323110948054818437e-07
1.213039169556395791e-06
4.958364527851699677e-06
8.229002318671518879e-06
9.069066081224264053e-06
7.016909648882574402e-06
3.179297536348713038e-06
1.795700512730036280e-07
1.992702564734827320e-06
1.368065653650774038e-05
4.104154126594039553e-05
9.018676274763492984e-05
1.670627028573790085e-04
2.769375162472442753e-04
4.238785762851193795e-04
6.102521813176053911e-04
8.362819582856673151e-04
1.099706299029890033e-03
1.395575422165507007e-03
1.716226132600695564e-03
2.051463855067936493e-03
2.388970125565492708e-03
2.714933590297619048e-03
3.014881202375363500e-03
3.274656962886979272e-03
3.481468612193339141e-03
3.624899487931543263e-03
3.697770650759935052e-03
3.696744164614074180e-03
3.622586486443424292e-03
3.480054380901265176e-03
3.277419851229979031e-03
3.025701914012302041e-03
2.737708816681561075e-03
2.427010957006814351e-03
2.106959249971396275e-03
1.789842237229777311e-03
1.486242188079245352e-03
1.204618347017571978e-03
9.511140193723122138e-04
7.295626911485442179e-04
5.416532270885454636e-04
3.872088992977751332e-04
2.645353474690637086e-04
1.707972060813744974e-04
1.023914359734590107e-04
5.529307486540346872e-05
2.535773620593317901e-05
8.571819094527199923e-06
1.246885815930909303e-06
1.587726643492715084e-07
2.634342678220491507e-06
6.590671659978397656e-06
1.053235105530347937e-05
1.351294871199115732e-05
1.506741925538790383e-05
1.512247314394699060e-05
1.389250466843350296e-05
1.176929431778717117e-05
9.214455658934639359e-06
6.663714117394192726e-06
4.452778753716302163e-06
2.773658351884478179e-06
1.669101152401708532e-06
1.070210856823905488e-06
8.779412610238068737e-07
1.083464184148397180e-06
1.915616707037770539e-06
3.996152130980590300e-06
8.477595955014294304e-06
1.713507518275037000e-05
3.238429016505506297e-05
5.720417674126565544e-05
9.495405508630483382e-05
1.490905000451903106e-04
2.228054505337695446e-04
3.186221844231340583e-04
4.379959520122156391e-04
5.809698979959421195e-04
7.459333399424394884e-04
9.295194513185833785e-04
1.126664487586026553e-03
1.330832013550775628e-03
1.534386512219043652e-03
1.729081799950904497e-03
1.906615191856531055e-03
2.059189666539396057e-03
2.180027418560825936e-03
2.263788967837854216e-03
2.306869148995360774e-03
2.307560701666488967e-03
2.266091039757611725e-03
2.184545009384919467e-03
2.066689554382605820e-03
1.917715660169960756e-03
1.743915992236111379e-03
1.552320235518322988e-03
1.350313870602803945e-03
1.145265455079425010e-03
9.441837327983648720e-04
7.534181965525021951e-04
5.784111563542637668e-04
4.235048431979748784e-04
2.918072008384342553e-04
1.851203495135678168e-04
1.039366946713471407e-04
4.750636045969258703e-05
1.397563251259725803e-05
5.902746096353439498e-07
3.950302172484043695e-06
2.029611384557483689e-05
4.580100737427983404e-05
7.684326179457912076e-05
1.102333869624771978e-04
1.433779559221193267e-04
1.743706113899179400e-04
2.020109090636879046e-04
2.257610095597328836e-04
2.456569447275569473e-04
2.621945380383294832e-04
2.762098783222199927e-04
2.887710211751937095e-04
3.010931001909966653e-04
3.144833286228276847e-04
3.303177676770019389e-04
3.500474536224373878e-04
3.752290094638510709e-04
4.075728701877778803e-04
4.490018538803042247e-04
5.017121030732596410e-04
5.682281165775293630e-04
6.514439154443607549e-04
7.546413909409466214e-04
8.814772513687785249e-04
1.035929769599874817e-03
1.222197055909646224e-03
1.444539945538281245e-03
1.707064183051443251e-03
2.013440748498851463e-03
2.366565932717890064e-03
2.768170840539596611e-03
3.218395348838498649e-03
3.715350967027575280e-03
4.254705197311636766e-03
4.829329773059498621e-03
5.429058858624102868e-03
6.040609475519431726e-03
6.647711246628773551e-03
7.231483476701328073e-03
7.771083719390503575e-03
8.244624977336911797e-03
8.630333254771471729e-03
8.907884631298657041e-03
9.059831195017409300e-03
9.073000997005919999e-03
8.939741551756696936e-03
8.658874160062168812e-03
8.236237561234815985e-03
7.684731633759156466e-03
7.023811234532217895e-03
6.278435125366854663e-03
5.477539310334123002e-03
4.652163785593188550e-03
3.833416444862791650e-03
3.050486180853795304e-03
2.328911480361739450e-03
1.689270654765095969e-03
1.146385099914937200e-03
7.090486502647763700e-04
3.802240872659012894e-04
1.576010791097814945e-04
3.439280504835551255e-05
2.548448208017362049e-07
4.223158589411468711e-05
1.456632083716158377e-04
2.950126236243022504e-04
4.745935301571080345e-04
6.691963731526584525e-04
8.646180648526069490e-04
1.048105992779824192e-03
1.208726591215736335e-03
1.337665684715716452e-03
1.428462154393628225e-03
1.477169846438641798e-03
1.482435949682781029e-03
1.445478551289625102e-03
1.369944131184297476e-03
1.261628678122406200e-03
1.128054346892781723e-03
9.779083493981488573e-04
8.203709750489451835e-04
6.643815236060390816e-04
5.179111897888333260e-04
3.873249862351713091e-04
2.769157462836346895e-04
1.886797340802104372e-04
1.223753385346526557e-04
7.586798771797020891e-05
4.572102697864011134e-05
2.795269271871347883e-05
1.884950482633485080e-05
1.571284741430645227e-05
1.742182236341704993e-05
2.472151535926059296e-05
4.018850020770514675e-05
6.787696698040690535e-05
1.127012200043964185e-04
1.796511316740634356e-04
2.729617991263921795e-04
3.953603211357403779e-04
5.474944267120918084e-04
