1.069450196666821284e-05
1.046976460372661677e-05
9.810454500325249683e-06
8.761012139757440309e-06
7.394939771643294080e-06
5.813773555018997286e-06
4.145876260963632376e-06
2.544763802347915771e-06
1.187171932315322920e-06
2.708934943029817077e-07
1.223237688918743515e-08
6.432807140299701132e-07
2.408874024695251137e-06
5.563273063557971909e-06
1.036648797025918611e-05
1.708017556723007147e-05
2.596296120316310407e-05
3.726515085133996763e-05
5.122249294231551175e-05
6.804911923552481312e-05
8.792907608778932627e-05
1.110068467511382551e-04
1.373762573422254718e-04
1.670681797776296662e-04
2.000369798054180137e-04
2.361459488469108692e-04
2.751523273900602362e-04
3.166924232544943152e-04
3.602678704481832028e-04
4.052340374869345396e-04
4.507919535541304867e-04
4.959854412476261132e-04
5.397049055630986913e-04
5.806998510706762318e-04
6.176018030430441286e-04
6.489593016425487804e-04
6.732865823408928918e-04
6.891267995285943471e-04
6.951302914330881322e-04
6.901470922002772568e-04
6.733316512423925815e-04
6.442556799299836712e-04
6.030224470521261537e-04
5.503727196867203020e-04
4.877689503501869694e-04
4.174401942265149046e-04
3.423676529479280362e-04
2.661887433106358003e-04
1.929998565373125530e-04
1.270454207826787751e-04
7.229503087557986873e-05
3.193372563714547141e-05
7.820138563374712248e-06
1.135973093369102571e-09
6.399270148449431872e-06
2.280173646340699634e-05
4.326326931902713113e-05
6.098627710571236094e-05
6.966259360297044623e-05
6.516803274791982403e-05
4.741604304570046224e-05
2.211467203494521527e-05
2.138724141786951805e-06
8.221960442256204260e-06
6.869487113192462857e-05
2.180623346390575534e-04
4.943610424419375704e-04
9.354687959586271973e-04
1.574812901893096750e-03
2.437149886759470974e-03
3.535156765437363902e-03
4.867435159681576806e-03
6.418219944563929857e-03
8.158716985519731679e-03
1.004969618485063165e-02
1.204481500236909142e-02
1.409415003718095249e-02
1.614751979259665404e-02
1.815732563386518450e-02
2.008076991842244752e-02
2.188140796550896994e-02
2.353005338534330804e-02
2.500509374422676956e-02
2.629229677998523584e-02
2.738420240305572406e-02
2.827920647567339074e-02
2.898044712989644722e-02
2.949460259121394756e-02
2.983070047353919563e-02
2.999902258355291451e-02
3.001016866979000497e-02
2.987432043984483698e-02
2.960072587389106502e-02
2.919740553501526392e-02
2.867106850584377753e-02
2.802721547224962251e-02
2.727039931940566930e-02
2.640460881082162814e-02
2.543373742034304996e-02
2.436209654568699534e-02
2.319493085164481272e-02
2.193889332025378280e-02
2.060244020604784509e-02
1.919611158191969480e-02
1.773267118502985795e-02
1.622708984392318143e-02
1.469636623320980107e-02
1.315918837389062901e-02
1.163544599098997878e-02
1.014561097667865397e-02
8.710011886080337717e-03
7.348040639726605150e-03
6.077344456471678313e-03
4.913069142276071943e-03
3.867224262648960575e-03
2.948232380774129524e-03
2.160702338684927781e-03
1.505436734134946164e-03
9.796549399396781155e-04
5.773924922749529287e-04
2.900274394050939009e-04
1.068832601305302887e-04
1.586119142871211807e-05
4.060263208316428063e-06
5.834865230269770109e-05
1.658568161815310305e-04
3.143715582751838156e-04
4.926199726327240569e-04
6.904429044283233452e-04
8.988678191172994048e-04
1.110097957052857964e-03
1.317439831439060072e-03
1.515192329392789361e-03
1.698520041131246217e-03
1.863330178167643680e-03
2.006168912288330830e-03
2.124147907451856554e-03
2.214907400372112534e-03
2.276616868996939047e-03
2.308009948933431588e-03
2.308445250179147479e-03
2.277981056153066675e-03
2.217448861884463440e-03
2.128509331896566437e-03
2.013675063224695805e-03
1.876287422035716190e-03
1.720439373571025499e-03
1.550841959698345818e-03
1.372637911316587633e-03
1.191171312157734974e-03
1.011726925142397704e-03
8.392574385425177752e-04
6.781213260040885871e-04
5.318573329731179911e-04
4.030218777586469514e-04
2.931108913486468737e-04
2.025769264832888439e-04
1.309385389163253421e-04
7.696478672869488946e-05
3.890887747104443406e-05
1.476182073645304627e-05
2.500680437833580072e-06
3.130697194819731521e-07
6.788141760694088589e-06
2.107300228715303092e-05
4.299988964362455590e-05
7.319473735378778656e-05
1.131786224704001143e-04
1.654713912557781441e-04
2.336997349772218513e-04
3.227021108358485435e-04
4.386111846343965226e-04
5.888834754017580053e-04
7.822380128317263370e-04
1.028462359840887075e-03
1.338048975071615132e-03
1.721637187728219942e-03
2.189259667787268882e-03
2.749423199475131696e-03
3.408090711474187628e-03
4.167664932111847520e-03
5.026097057779566057e-03
5.976247242344356891e-03
7.005604023433420480e-03
8.096428680431699831e-03
9.226335269971741582e-03
1.036925942624122854e-02
1.149672104449450671e-02
1.257925525962377833e-02
1.358787812935702277e-02
1.449546399273060615e-02
1.527793791186127237e-02
1.591521938856033103e-02
1.639188967391191909e-02
1.669758736490223328e-02
1.682716296993191918e-02
1.678063670297547105e-02
1.656300291305967676e-02
1.618390946299541611e-02
1.565721739831360537e-02
1.500042787019140178e-02
1.423395900090440591e-02
1.338027136470998357e-02
1.246287174343763127e-02
1.150525906467692039e-02
1.052990076993864932e-02
9.557332835655074632e-03
8.605461340721376473e-03
7.689112741431358700e-03
6.819844431547039676e-03
6.005993456440705813e-03
5.252917897607289888e-03
4.563372546357413739e-03
3.937958597646229464e-03
3.375593596217640879e-03
2.873958680766008911e-03
2.429893236183033878e-03
2.039719842855447496e-03
1.699493188823453238e-03
1.405175731932217786e-03
1.152749338629632803e-03
9.382762357148521914e-04
7.579258271022126792e-04
6.079833794103706168e-04
4.848557162802080711e-04
3.850847867425954973e-04
3.053749402965877380e-04
2.426335367289311762e-04
1.940197226844020406e-04
1.569927693054751217e-04
1.293513021920489336e-04
1.092572827872118069e-04
9.524245456304925028e-05
8.619948712862424145e-05
8.136288987259376881e-05
8.028606535503968189e-05
8.281996710479688772e-05
8.909618185271028779e-05
9.951412226882894174e-05
1.147279981807969307e-04
1.356263144316471880e-04
1.632949625189894505e-04
1.989559495143566892e-04
2.438787658860519514e-04
2.992697119879039747e-04
3.661542219077773552e-04
4.452744471024061568e-04
5.370248653804310379e-04
6.414409318864500165e-04
7.582421787759585641e-04
8.869171922754048865e-04
1.026829311427945868e-03
1.177319748947525113e-03
1.337790375416147981e-03
1.507755207384775531e-03
1.686857643520056627e-03
1.874854842753848061e-03
2.071573784377278571e-03
2.276843711101150802e-03
2.490409963499473633e-03
2.711833946975161780e-03
2.940384310861077211e-03
3.174925577710041580e-03
3.413812584128095295e-03
3.654800568114069392e-03
3.894983684588737560e-03
4.130775481002046945e-03
4.357945034712429333e-03
4.571719700237508732e-03
4.766959930520897615e-03
4.938402136474451254e-03
5.080954148795058245e-03
5.190015147121584960e-03
5.261782709737872210e-03
5.293507311506573387e-03
5.283662980872350090e-03
5.232018646012193130e-03
5.139615011032105940e-03
5.008666233464964535e-03
4.842411111098954279e-03
4.644934677301648662e-03
4.420971769391712769e-03
4.175697861356297835e-03
3.914509924669573593e-03
3.642803469702471375e-03
3.365757770311006425e-03
3.088144998926622975e-03
2.814180278647882005e-03
2.547424114922591798e-03
2.290741209137081569e-03
2.046309825431080753e-03
1.815669751579207514e-03
1.599793988603437356e-03
1.399171730611215025e-03
1.213894081985245066e-03
1.043738780978742398e-03
8.882529983225140313e-04
7.468342804344274555e-04
6.188091039263099447e-04
5.035078124109304554e-04
