2.017710463064759097e-05
1.959761875980348123e-05
1.791896124814229552e-05
1.531610891447598988e-05
1.206618870241982222e-05
8.528289185960602481e-06
5.117937817544770951e-06
2.278637836639063607e-06
4.529440076339596999e-07
5.548703541080612922e-08
1.449945543186004215e-06
4.931449112177688221e-06
1.071531569607486745e-05
1.893242816208839940e-05
2.963099207420327730e-05
4.278394631285209471e-05
5.830105966708742926e-05
7.604445919184854574e-05
9.584636976001092989e-05
1.175278995617645705e-04
1.409176694693314857e-04
1.658695148591959878e-04
1.922784824586187824e-04
2.200945457673242345e-04
2.493338481315277022e-04
2.800872071873072855e-04
3.125257559304372990e-04
3.469036829955030043e-04
3.835579741888750505e-04
4.229049180395350049e-04
4.654328093636195263e-04
5.116904325603854886e-04
5.622700341376685174e-04
6.177838394876289385e-04
6.788324658515421106e-04
7.459639238049931009e-04
8.196219837088847271e-04
9.000832283447834925e-04
9.873833686100397244e-04
1.081234726797219992e-03
1.180939172257922110e-03
1.285303045932550958e-03
1.392563795235446378e-03
1.500341107927738449e-03
1.605627540698151279e-03
1.704836257843567182e-03
1.793922596462493857e-03
1.868594025253855762e-03
1.924615571383014867e-03
1.958205124154233090e-03
1.966494587961165053e-03
1.948009075476875296e-03
1.903092604777611996e-03
1.834191399822771018e-03
1.745906965524568477e-03
1.644759136652851339e-03
1.538658849113971883e-03
1.436170280356918738e-03
1.345717116222999721e-03
1.274920438348203788e-03
1.230218484579381766e-03
1.216813995696952588e-03
1.238867416589073400e-03
1.299771585522080386e-03
1.402354950030826330e-03
1.548956285716940329e-03
1.741428806809608432e-03
1.981189769949764923e-03
2.269397936430550544e-03
2.607247306059434777e-03
2.996275277567406192e-03
3.438550554406560877e-03
3.936640397043333905e-03
4.493331037878078860e-03
5.111149672174519765e-03
5.791785286760386953e-03
6.535520894800583847e-03
7.340775678983391117e-03
8.203824930745895472e-03
9.118727127543024835e-03
1.007745180554309172e-02
1.107017443311519855e-02
1.208568869796522449e-02
1.311188141838215415e-02
1.413621958541000367e-02
1.514620773663466480e-02
1.612978597454173268e-02
1.707565040756264807e-02
1.797348886408656199e-02
1.881413369902418253e-02
1.958964043605249117e-02
2.029330550314512038e-02
2.091963845437305736e-02
2.146430456971870626e-02
2.192405141970255045e-02
2.229663112856883345e-02
2.258072574841207825e-02
2.277588033182098570e-02
2.288244475205658546e-02
2.290152272499312858e-02
2.283492524809105362e-02
2.268512446049442133e-02
2.245520485313079462e-02
2.214880994763746003e-02
2.177008530820501164e-02
2.132362179489177834e-02
2.081440626317032638e-02
2.024778751919598108e-02
1.962946239586926822e-02
1.896547811452364840e-02
1.826223536360771504e-02
1.752646561581627793e-02
1.676515477028317491e-02
1.598539513260277545e-02
1.519416918623051060e-02
1.439809071926845263e-02
1.360314508670512623e-02
1.281447182724093636e-02
1.203622335512477548e-02
1.127151644031698652e-02
1.052247629125702133e-02
9.790359653976565824e-03
9.075735383973437820e-03
8.378698564371234170e-03
7.699094912467785434e-03
7.036735820463491109e-03
6.391589195175129134e-03
5.763936008619907625e-03
5.154487281046726821e-03
4.564460251145874281e-03
3.995615357524684441e-03
3.450257804260559169e-03
2.931208424783449118e-03
2.441748456817549595e-03
1.985542222129765833e-03
1.566539930664134772e-03
1.188861655407436047e-03
8.566617981955459982e-04
5.739731430907113463e-04
3.445295108832624464e-04
1.715680239158245968e-04
5.761426396588831267e-05
4.257242650851367216e-06
1.192552663553669845e-05
7.967965422039924306e-05
2.050403361693042825e-04
3.838739741155450247e-04
6.103573044242693868e-04
8.770395251218587873e-04
1.175013346610853660e-03
1.494195333677339477e-03
1.823703400802401120e-03
2.152306383834456938e-03
2.468911111407123826e-03
2.763047131637108578e-03
3.025309989965307977e-03
3.247729018767131492e-03
3.424034785652452229e-03
3.549811235743050020e-03
3.622529038921129541e-03
3.641466329582954131e-03
3.607533269530449616e-03
3.523025258502343604e-03
3.391337514003112119e-03
3.216678576706044623e-03
3.003822607269057698e-03
2.757937082833450404e-03
2.484515151465416238e-03
2.189427450943526310e-03
1.879090603793542869e-03
1.560728207749662033e-03
1.242679221405751377e-03
9.346937959975321064e-04
6.481501539070677609e-04
3.961335924032027833e-04
1.933386570982520425e-04
5.578506863912480185e-05
3.705149680399699719e-07
4.431030488660780975e-05
2.045305282649678702e-04
4.970830172652540568e-04
9.366396064365289931e-04
1.536102964280416927e-03
2.306346544514781272e-03
3.256072792126474269e-03
4.391759215295110153e-03
5.717651041521776278e-03
7.235756195967724125e-03
8.945805885190338813e-03
1.084515817240117030e-02
1.292864183501762909e-02
1.518835829087095135e-02
1.761347682433722639e-02
2.019006959787361666e-02
2.290103512387986484e-02
2.572615184925552967e-02
2.864228887351316644e-02
3.162378113884756203e-02
3.464295670335104660e-02
3.767078600122886201e-02
4.067761160263216880e-02
4.363391046378239935e-02
4.651103967087522051e-02
4.928191929518277448e-02
5.192161156269037292e-02
5.440776385751178168e-02
5.672089385178935572e-02
5.884450842886224109e-02
6.076506217142707555e-02
6.247177537535719694e-02
6.395634279894579777e-02
6.521257280793690825e-02
6.623600011003816235e-02
6.702351506744719245e-02
6.757304843020506269e-02
6.788334355984204649e-02
6.795383921598840971e-02
6.778467527684028937e-02
6.737682235281283738e-02
6.673232363380066090e-02
6.585462470256686629e-02
6.474895559334470363e-02
6.342271971402624331e-02
6.188583864160079884e-02
6.015100185159383273e-02
5.823377648451355526e-02
5.615254516426659848e-02
5.392825773016340918e-02
5.158400259219320105e-02
4.914442290674969627e-02
4.663501781963930171e-02
4.408137849742388426e-02
4.150841254519832546e-02
3.893960933594087237e-02
3.639639524166682349e-02
3.389762092140813365e-02
3.145921339918800186e-02
2.909401159138269577e-02
2.681178677147499911e-02
2.461943063923399677e-02
2.252127802155712288e-02
2.051952137831847267e-02
1.861467186057552681e-02
1.680602622121796230e-02
1.509210785999925974e-02
1.347106052614321925e-02
1.194098260185683102e-02
1.050019757532538733e-02
9.147460777597871129e-03
7.882104920412302818e-03
6.704127768500711682e-03
5.614224538803114228e-03
4.613766621602621854e-03
3.704727187880507699e-03
2.889553616228113242e-03
2.170987139422209111e-03
1.551831020719873777e-03
1.034671734714720515e-03
6.215611518740615793e-04
3.136726352011010022e-04
1.109498507219086605e-04
1.177234628357837209e-05
1.266669600852310396e-05
1.080944540916561891e-04
2.903469898427601947e-04
5.495714752186131591e-04
8.739414096083919503e-04
1.249968841676718512e-03
1.662936288738592339e-03
2.097407219139313383e-03
2.537759548886242555e-03
2.968682194435245947e-03
3.375585019512072904e-03
3.744898898148107946e-03
4.064281883984222077e-03
4.322789326678844191e-03
4.511091127454847083e-03
4.621811645819207115e-03
4.650014199100382939e-03
4.593766364493490073e-03
4.454637116538151531e-03
4.237939899482512374e-03
3.952576671565566357e-03
3.610449538655302604e-03
3.225540989390651703e-03
2.812860342530143498e-03
2.387473359021896613e-03
1.963775867452000057e-03
1.555076962020507381e-03
1.173465495000414194e-03
8.298751287867389692e-04
5.342450521368391492e-04
2.956866256624834932e-04
1.225960471344933467e-04
2.268567486396477761e-05
2.934843990942681557e-06
6.947968256554304389e-05
2.274712578298476728e-04
4.809327931667439771e-04
8.326425239459922523e-04
