2.298441513062243757e-04
2.284710746351947819e-04
2.243834283177648103e-04
2.176750868585486387e-04
2.084997157965062797e-04
1.970668720616686187e-04
1.836367716379072590e-04
1.685143348737483393e-04
1.520426264960406115e-04
1.345962540568734767e-04
1.165749488194478545e-04
9.839760275553999236e-05
8.049705247969995980e-05
6.331546023830014747e-05
4.730050623891202122e-05
3.290201856032126670e-05
2.056891744928179833e-05
1.074605130213512894e-05
3.870616339440857701e-06
3.675014426107736654e-07
6.431591970113004209e-07
5.077489504401455633e-06
1.401292992397884518e-05
2.774049885090335010e-05
4.648196997436571110e-05
7.036800008108912152e-05
9.941173934180369542e-05
1.334781331792100900e-04
1.722491879263543524e-04
2.151862413768412807e-04
2.614910404616921369e-04
3.100683127286174567e-04
3.594938770561384445e-04
4.079938212271372322e-04
4.534419368695807862e-04
4.933844614782856297e-04
5.251029492967518308e-04
5.457278327440917565e-04
5.524158331411399558e-04
5.426046395058392591e-04
5.143560670717306493e-04
4.667945252947447443e-04
4.006392443898221245e-04
3.188160374918425077e-04
2.271153672381842625e-04
1.348385182637912294e-04
5.534270069063040864e-05
6.361714227409720479e-06
9.946009356553986436e-06
9.184563619157870562e-05
2.801637155727121353e-04
6.031561445496436136e-04
1.086160473491304401e-03
1.747812415331395641e-03
2.595939751330433864e-03
3.623767826539392445e-03
4.807251713558002848e-03
6.104373314869349088e-03
7.457030558938981812e-03
8.795690264349786958e-03
1.004636251268209435e-02
1.113885467962916209e-02
1.201487286641622632e-02
1.263449442508601805e-02
1.297985842070659146e-02
1.305551820922801198e-02
1.288560956706419347e-02
1.250862567871990905e-02
1.197100260608863209e-02
1.132080748952546401e-02
1.060258757514986883e-02
9.853980097375369951e-03
9.104173362942447056e-03
8.373907193771401580e-03
7.676497144956329066e-03
7.019355148784711673e-03
6.405592632845014123e-03
5.835448530277176360e-03
5.307425605707294380e-03
4.819116901813913501e-03
4.367758703693880307e-03
3.950567759659406875e-03
3.564922136689574472e-03
3.208436743051379381e-03
2.878973890744873643e-03
2.574618618595536645e-03
2.293639806168812356e-03
2.034450743678917206e-03
1.795577727961017445e-03
1.575640619293494638e-03
1.373346446555956391e-03
1.187494971773617181e-03
1.016993704013202660e-03
8.608793220759025644e-04
7.183420996454970009e-04
5.887500462620209873e-04
4.716696600013392526e-04
3.668802979319707447e-04
2.743794900084139954e-04
1.943766101675237223e-04
1.272726905199306202e-04
7.362429272461668006e-05
3.409000663623373839e-05
9.358930498137851828e-06
6.189148393787036184e-08
6.668534567211281683e-06
2.937720662998799526e-05
6.800858579936175374e-05
1.219183842238180659e-04
1.899459592493712989e-04
2.704135754498793176e-04
3.611834039247696637e-04
4.597687349701118364e-04
5.634843886781482070e-04
6.696140400919148306e-04
7.755703698251181777e-04
8.790281831778656851e-04
9.780181255081288327e-04
1.070976873236872962e-03
1.156756910646095093e-03
1.234603496072850248e-03
1.304108979297780024e-03
1.365154725291972682e-03
1.417849573144280839e-03
1.462471245432084288e-03
1.499414690556477581e-03
1.529148937393642882e-03
1.552182123703005345e-03
1.569033844234013486e-03
1.580213285095055653e-03
1.586201829184119561e-03
1.587438976741850638e-03
1.584310852464909658e-03
1.577140506711316448e-03
1.566179495810615663e-03
1.551600425116816950e-03
1.533489956088374129e-03
1.511842472339708365e-03
1.486554399377837399e-03
1.457419981804264353e-03
1.424129594084888595e-03
1.386272243209418775e-03
1.343344789617617607e-03
1.294770428927449757e-03
1.239929916479809435e-03
1.178208107674549865e-03
1.109058241198113137e-03
1.032084500408814165e-03
9.471413890622670806e-04
8.544461170885142565e-04
7.546974833303465857e-04
6.491923963096724037e-04
5.399294246899444261e-04
4.296872954654418209e-04
3.220656359701479232e-04
2.214754157989773375e-04
1.330675178081719423e-04
6.259020490517741564e-05
1.616980394203437754e-05
1.363321189273847267e-08
2.004009178335763863e-05
8.144889491745743726e-05
1.882538588233728660e-04
3.428118820352210605e-04
5.453930589851552213e-04
7.938455295573021431e-04
1.083410933532036324e-03
1.406739668695422552e-03
1.754137622185680812e-03
2.114048877558616368e-03
2.473745555121809048e-03
2.820163300270905893e-03
3.140794440056993153e-03
3.424538363915985428e-03
3.662412140286619433e-03
3.848044989808840910e-03
3.977912896800717135e-03
4.051308190113900309e-03
4.070075389478233774e-03
4.038171369586507353e-03
3.961122290533580781e-03
3.845449761172403669e-03
3.698128506556486172e-03
3.526120155569856252e-03
3.336009237614234735e-03
3.133749544105057794e-03
2.924515996369336790e-03
2.712647993092787146e-03
2.501665335017833058e-03
2.294336316566614187e-03
2.092777989233240987e-03
1.898570565899149187e-03
1.712871319355713240e-03
1.536517022501016072e-03
1.370107812817877857e-03
1.214069408860041221e-03
1.068693829779476800e-03
9.341614290292454825e-04
8.105488788885395479e-04
6.978287319441278669e-04
5.958657234970132777e-04
5.044143353103436311e-04
4.231205059852527484e-04
3.515288054813936469e-04
2.890948937448456491e-04
2.352021008675819758e-04
1.891803021578652988e-04
1.503255194279518037e-04
1.179184318687021005e-04
9.124115007352884277e-05
6.959137448347973987e-05
5.229412590779247694e-05
3.871093937846126209e-05
2.824718231408951397e-05
2.035773590591816173e-05
1.455143664941260795e-05
1.039496173405041191e-05
7.516067398682935163e-06
5.606466416452349222e-06
4.424434990824011038e-06
3.796642232600788702e-06
3.618775679115060484e-06
3.854210262943524867e-06
4.529734212610492250e-06
5.727341132910623855e-06
7.571222511160158319e-06
1.020974842447230913e-05
1.379277222213204368e-05
1.844606101997214864e-05
2.424551765045634966e-05
3.119502599702173029e-05
3.921186508648588642e-05
4.812266963938327535e-05
5.767152021007859730e-05
6.753886938781761273e-05
7.736806946923024952e-05
8.679496457375535101e-05
9.547570886070388951e-05
1.031092189975879592e-04
1.094523540814407170e-04
1.143274618158329758e-04
1.176233815840532770e-04
1.192916889465323038e-04
1.193399772176917395e-04
1.178238616859061949e-04
1.148389509637581796e-04
1.105136277743667961e-04
1.050029405575969577e-04
9.848382374855191301e-05
9.115119424052409158e-05
8.321471754868525750e-05
7.489552477579763945e-05
6.642223353026110999e-05
5.802578137092950783e-05
4.993248776941072720e-05
4.235548055930848932e-05
3.548483445570127515e-05
2.947804124175945617e-05
2.445292875563609414e-05
2.048693306733184727e-05
1.762684782136147987e-05
1.591434740078057075e-05
1.543101383560951945e-05
1.636449749753410288e-05
1.909183957593540981e-05
2.426729329840782157e-05
3.289113702464874223e-05
4.632320685971080820e-05
6.619597409951438749e-05
9.418308214037551807e-05
1.315985018521814709e-04
1.788461971017341057e-04
2.348088116974622608e-04
2.963402068729692473e-04
3.580792179462832792e-04
4.127901485446727747e-04
4.523320416183196357e-04
4.691722908773954259e-04
4.581458685777306528e-04
4.180058163285593764e-04
3.522919094791632233e-04
2.691924102578013844e-04
1.803482515185805823e-04
9.885575666146451113e-05
3.695209422005518718e-05
3.938712197282256966e-06
4.796753444225032581e-06
3.972583566280718514e-05
1.045803216896956656e-04
1.919732403337093274e-04
2.927151110725390026e-04
3.972592112688744237e-04
4.969050261962593140e-04
5.846241133582452676e-04
6.554794603914615436e-04
7.066876155334966825e-04
7.374159499136112572e-04
7.484187549806620154e-04
7.416057664215713885e-04
7.196151996851085642e-04
