3.975645910259117954e-07
3.440437552626463003e-07
2.070323859015843482e-07
5.621330956273595802e-08
4.258325247974426020e-09
2.018812068627084955e-07
8.313622714695156901e-07
2.098688412388582947e-06
4.224962566468093428e-06
7.437389172082475852e-06
1.196007279702371306e-05
1.800525281225873186e-05
2.576500259010572336e-05
3.540365369758546876e-05
4.705092297285773384e-05
6.079589375929117523e-05
7.668158710316674842e-05
9.470009673862023192e-05
1.147881084335722335e-04
1.368227810587541171e-04
1.606178142594671954e-04
1.859199342106876429e-04
2.124058328689670816e-04
2.396800000497023575e-04
2.672737686708615001e-04
2.946464536250914534e-04
3.211890438876707776e-04
3.462314476792016649e-04
3.690543089049924674e-04
3.889059698281016608e-04
4.050253230047928810e-04
4.166712783870707426e-04
4.231581997800049066e-04
4.238972768320081741e-04
4.184418978212534057e-04
4.065349115052185880e-04
3.881545787152163030e-04
3.635546138696099661e-04
3.332935175706097652e-04
2.982473035473276468e-04
2.596001065882092007e-04
2.188074779780890822e-04
1.775287988152740581e-04
1.375281307787190599e-04
1.005461732574985945e-04
6.815146140581873624e-05
4.158431593737077492e-05
2.161291833147060970e-05
8.425312529425355024e-06
1.582760773999325465e-06
5.575766692800243618e-08
2.353851328962264233e-06
6.742198664255738549e-06
1.151496277884689334e-05
1.527311741256198729e-05
1.714190695167872036e-05
1.686859596361500735e-05
1.477043777242670330e-05
1.154765641331323422e-05
8.022263514817495889e-06
4.888633611699333414e-06
2.553024231133349531e-06
1.099429027817677706e-06
3.674430644196036155e-07
8.874017964899394428e-08
1.802634130854130490e-08
1.224840673330618301e-08
4.423722543833719101e-08
1.668397118237407994e-07
4.581818302540341392e-07
9.762758708120600204e-07
1.738046478294563713e-06
2.722503154473088216e-06
3.888419755071481632e-06
5.194660147367358149e-06
6.614910802227313980e-06
8.143886219613705180e-06
9.796062542477557145e-06
1.159960304164542322e-05
1.358834286691035231e-05
1.579356268166520749e-05
1.823663701827626937e-05
2.092310035095579224e-05
2.383829554730709788e-05
2.694521499790880625e-05
3.018427494794195809e-05
3.347539409048749803e-05
3.672190761960791860e-05
3.981590607793350500e-05
4.264460613967457903e-05
4.509699219568119588e-05
4.707038947060482315e-05
4.847649938710674178e-05
4.924669586614527361e-05
4.933630320635984390e-05
4.872780492348738335e-05
4.743266840989690536e-05
4.549172031431680807e-05
4.297394958996392234e-05
3.997338433237018762e-05
3.660439593033970596e-05
3.299513045362800767e-05
2.927989551437804039e-05
2.559061846341137425e-05
2.204854312992665655e-05
1.875680054297390598e-05
1.579481850910724461e-05
1.321533041220845917e-05
1.104437488663734257e-05
9.284117254537704866e-06
7.918284680386022956e-06
6.919212012235220755e-06
6.255306132629812055e-06
5.897800079424087016e-06
5.825627297895152878e-06
6.027750686143917846e-06
6.502689288367946574e-06
7.255555928509238584e-06
8.293418446214673168e-06
9.619662705517839640e-06
1.122863129410234251e-05
1.310083115413362975e-05
1.519970089702837868e-05
1.746984227679604373e-05
1.983710171771235764e-05
2.221038897687321878e-05
2.448500765694916481e-05
2.654750622355095402e-05
2.828156186751584755e-05
2.957467866337992746e-05
3.032529366464586928e-05
3.044985581368564453e-05
2.988972025264047261e-05
2.861728596315060713e-05
2.664135236329912004e-05
2.401156251607972081e-05
2.082149266868782433e-05
1.721059696535576222e-05
1.336464274004356412e-05
9.514445935110416031e-06
5.932470884317808668e-06
2.927077559888857650e-06
8.336261743124850909e-07
2.146421707038825843e-09
7.807438180407189066e-07
3.494794526659461553e-06
8.421746485964831663e-06
1.576221423249535292e-05
2.560880081148297904e-05
3.791489282889415335e-05
5.246677672232635814e-05
6.886326603705583693e-05
8.650756565486972249e-05
1.046161534787870551e-04
1.222487104826086579e-04
1.383608667424596206e-04
1.518792827681636481e-04
1.617944385543523822e-04
1.672629230426991853e-04
1.677077155761708127e-04
1.629025827867280896e-04
1.530266015379311284e-04
1.386767275874944971e-04
1.208309539606489125e-04
1.007610186860574686e-04
7.990215641484610387e-05
5.969572359276753559e-05
4.142741479995493137e-05
2.608765943534763210e-05
1.427806569154199678e-05
6.180571901381881617e-06
1.592642064451865735e-06
1.740355060064757708e-08
7.857259873844668618e-07
3.181317865141863876e-06
6.543128392877406441e-06
1.032821960222918278e-05
1.413182094722742477e-05
1.767202520852606540e-05
2.075375903132226085e-05
2.322834372137094761e-05
2.496205756585823110e-05
2.582313125287782896e-05
2.569053911827268166e-05
2.448222861062276934e-05
2.219453331520071515e-05
1.894016324399672158e-05
1.497066917011125042e-05
1.067217185379831790e-05
6.530224638368054002e-06
3.067846705562260468e-06
7.688058047961021657e-07
1.863824650172318798e-09
9.614343383645973518e-07
3.635565434478849056e-06
7.805846024666607263e-06
1.307741969469589094e-05
1.893207507919214549e-05
2.479463952909100044e-05
3.010202929942806804e-05
3.436550400692794938e-05
3.721892987584851653e-05
3.844855612555875268e-05
3.800322916447385069e-05
3.598592593334615231e-05
3.263037979195360094e-05
2.826706931102762610e-05
2.328405811624634225e-05
1.808738684871968871e-05
1.306539540735229821e-05
8.559801344176776183e-06
4.845255176633145311e-06
2.117862138106829661e-06
4.917518054980973830e-07
2.386542519161594100e-09
6.147537305878358893e-07
2.234610036566664348e-06
4.721123559647821821e-06
7.899812956679852505e-06
1.157478700974934327e-05
1.554013383042729401e-05
1.959002928231257101e-05
2.352782748005211033e-05
2.717391866724483407e-05
3.037269776484663453e-05
3.299829691627564898e-05
3.495913462359112600e-05
3.620090220124438929e-05
3.670789516263539554e-05
3.650214668482476554e-05
3.564056035543217149e-05
3.420968700140747387e-05
3.231877334997079743e-05
3.009119845387431269e-05
2.765532050830188382e-05
2.513539651260998653e-05
2.264364611903602054e-05
2.027405176363572537e-05
1.809856196643977455e-05
1.616587860553408973e-05
1.450246966783197422e-05
1.311540400195099210e-05
1.199614337110688211e-05
1.112456385499172029e-05
1.047249045882381324e-05
1.000648589410957356e-05
9.689807811241735180e-06
9.483860651471331948e-06
9.349443786277333857e-06
9.248265769201680087e-06
9.144707092900716816e-06
9.007697457263930119e-06
8.812634519017592538e-06
8.542594841287609597e-06
8.188979620626923861e-06
7.751240502784639830e-06
7.236032814716963912e-06
6.655842696545732906e-06
6.027471684433294286e-06
5.370409169813683548e-06
4.705376994706966798e-06
4.052934045262190921e-06
3.432262673186414759e-06
2.860097382040294178e-06
2.349805029666640621e-06
1.910812187588817324e-06
1.548362433823058382e-06
1.263810702312184731e-06
1.055550512774061644e-06
9.208100522073436878e-07
8.581026378351452877e-07
8.704103464651780087e-07
9.686693402954915655e-07
1.175072256387466041e-06
1.525367466115312709e-06
2.069361158874016837e-06
2.868584573434418417e-06
3.990529052089186735e-06
5.499209720483122510e-06
7.442732098184023926e-06
9.839198767735979345e-06
1.266361853424768924e-05
1.583866526289057219e-05
1.923227694078377681e-05
2.266397643779782811e-05
2.592031725612287119e-05
2.877738688766839914e-05
3.102676798505399347e-05
3.249992383302924281e-05
3.308651417910368764e-05
3.274351146842491289e-05
3.149429763027455920e-05
2.941931180089341069e-05
2.664181583611480164e-05
2.331286988521696912e-05
1.959953480934473191e-05
1.567896526921686018e-05
1.173927260822438257e-05
7.986270915694149153e-06
4.653337370541521523e-06
