5.908151194944366580e-07
5.433015246580907842e-07
4.130928061840677401e-07
2.366521698604628909e-07
7.280854674718284514e-08
2.820854660967597738e-11
1.127653632693181862e-07
5.171920776092520100e-07
1.326528746403710102e-06
2.656114858723412908e-06
4.618654884325223975e-06
7.319538468664177344e-06
1.085267929568090040e-05
1.529664299937394389e-05
2.071144676563108078e-05
2.713559560163503193e-05
3.458369137376848812e-05
4.304429343449100998e-05
5.247797172103219054e-05
6.281552060727335629e-05
7.395631571682770300e-05
8.576669429771754949e-05
9.807848947218644753e-05
1.106879141303807046e-04
1.233549265151623331e-04
1.358034436975685821e-04
1.477229600226337425e-04
1.587718632265477936e-04
1.685833541245074230e-04
1.767743651726050302e-04
1.829582011509955919e-04
1.867612910899651979e-04
1.878443390523898415e-04
1.859276049884783788e-04
1.808195103336629472e-04
1.724471081274714379e-04
1.608858502066823348e-04
1.463853829335448609e-04
1.293868955229982021e-04
1.105271776538074846e-04
9.062403840687238699e-05
7.063847291988167854e-05
5.161084978055896499e-05
3.457132940809515276e-05
2.042944413460645592e-05
9.853999202391605650e-06
3.160854916472999321e-06
2.319602714351276518e-07
4.915432327834423631e-07
2.962273384810032439e-06
6.411856375621027837e-06
9.579485265476250788e-06
1.144288552268335479e-05
1.145857447681919439e-05
9.693797025533967826e-06
6.781912475162243936e-06
3.682745315813917841e-06
1.307340355083397299e-06
1.449223532290488947e-07
6.570418520368548343e-08
4.316643469337577699e-07
5.260509539084523567e-07
1.533757227889509522e-07
1.423754980578451068e-07
2.474620572456842638e-06
9.886817352366961131e-06
2.501111674746425706e-05
4.933033896747929248e-05
8.233271982760470564e-05
1.211977864983282416e-04
1.611544761317418306e-04
1.964117860353553624e-04
2.213777851807208208e-04
2.318229761471002348e-04
2.257104768546014384e-04
2.035552438002241615e-04
1.683189048122812892e-04
1.249472737185897131e-04
7.970016321223738487e-05
3.941693142905933200e-05
1.083038715421480447e-05
7.652545264136279002e-10
1.190571190079481312e-05
5.019297213948448189e-05
1.170825680674170144e-04
2.133928464616019482e-04
3.386589742007117820e-04
4.913112204576464137e-04
6.688832858259274872e-04
8.682261164807414389e-04
1.085708717141642410e-03
1.317394156657769599e-03
1.559184545641301156e-03
1.806933997343662668e-03
2.056531639865966099e-03
2.303959828282131639e-03
2.545333306485986213e-03
2.776926256700562590e-03
2.995193246022154199e-03
3.196790264482274324e-03
3.378599686271854807e-03
3.537762853881076808e-03
3.671721638113467634e-03
3.778268892006053647e-03
3.855606679991296915e-03
3.902409163771380918e-03
3.917886597548658756e-03
3.901844576958524158e-03
3.854732907456082103e-03
3.777676547315422795e-03
3.672480968049285366e-03
3.541605518279311582e-03
3.388100526407811230e-03
3.215507225121427837e-03
3.027725315817519913e-03
2.828856602974383350e-03
2.623037765403068988e-03
2.414275866996717923e-03
2.206300232018065799e-03
2.002440789510728791e-03
1.805540001569738706e-03
1.617901078347472321e-03
1.441271596817728096e-03
1.276859022397047738e-03
1.125371973415667526e-03
9.870803131377670070e-04
8.618864925722391490e-04
7.494011121735866254e-04
6.490165741155351498e-04
5.599747439930524706e-04
4.814252496032622730e-04
4.124735675645752053e-04
3.522183322814953499e-04
2.997789652994242715e-04
2.543148190881083792e-04
2.150372277895939988e-04
1.812164296239870964e-04
1.521843271063971770e-04
1.273348404424723412e-04
1.061222943690154352e-04
8.805899976493947179e-05
7.271220611926310085e-05
5.970084338002834556e-05
4.869208402169533656e-05
3.939787671924932511e-05
3.157127147801475076e-05
2.500255830284459080e-05
1.951527127630470204e-05
1.496196429684459872e-05
1.121975834905697411e-05
8.185743496369468630e-06
5.772278484528214904e-06
3.902245978792961978e-06
2.504353872723186214e-06
1.509026986923345248e-06
8.454660331835839315e-07
4.407599334399492363e-07
2.224072517265085480e-07
1.254397119510031189e-07
1.052610940632803249e-07
1.567631926491230843e-07
3.389447869039940997e-07
8.021481079367731581e-07
1.812436778436676832e-06
3.763944803836238862e-06
7.167314677758440666e-06
1.260159748994738038e-05
2.062001148317449406e-05
3.160985784234071616e-05
4.562163054799839301e-05
6.220198314110803040e-05
8.028141846239122970e-05
9.817282611379596347e-05
1.137245752431681467e-04
1.246367747427257200e-04
1.289006489315625004e-04
1.252703414991174213e-04
1.136452840455604019e-04
9.524391181514602067e-05
7.249241404849726678e-05
4.862554202134106163e-05
2.707849101568626793e-05
1.081237691380465549e-05
1.737843220439572178e-06
3.745259675724810222e-07
5.817684794351407618e-06
1.600065081674983958e-05
2.817072405036924465e-05
3.945673459782028658e-05
4.740494981092524540e-05
5.038861482375978085e-05
4.784039207095247548e-05
4.030012598832399817e-05
2.930241132048649888e-05
1.714616468007079675e-05
6.593621137085392547e-06
5.423881219712711754e-07
1.708282141521522135e-06
1.234860349086375209e-05
3.404889423563872697e-05
6.758895339942228020e-05
1.128958534906132627e-04
1.690827049571907992e-04
2.345624917552413535e-04
3.072178837584260691e-04
3.846025603166935980e-04
4.641478053031278250e-04
5.433508485310767355e-04
6.199274128277920681e-04
6.919187359528677916e-04
7.577512381828910293e-04
8.162536237250606064e-04
8.666402030854669647e-04
9.084714200184862420e-04
9.416017925047981407e-04
9.661245235861315450e-04
9.823191563498312462e-04
9.906063904168149747e-04
9.915118958332413968e-04
9.856391746865256209e-04
9.736500094561506558e-04
9.562504337026211942e-04
9.341795691000243096e-04
9.081988879131586145e-04
8.790799407876193072e-04
8.475893228307995741e-04
8.144708718447191131e-04
7.804260793022876896e-04
7.460948128965583237e-04
7.120386200369921426e-04
6.787289880634261863e-04
6.465419668160166111e-04
6.157592552114010687e-04
5.865747711908397832e-04
5.591048454078872965e-04
5.333997277716662211e-04
5.094547278190475481e-04
4.872197581988757520e-04
4.666072081107586200e-04
4.474980975999187649e-04
4.297473058585410399e-04
4.131879588697984218e-04
3.976351862178262309e-04
3.828893807877875588e-04
3.687388282997972055e-04
3.549623806264889936e-04
3.413327074355265722e-04
3.276214001175503654e-04
3.136065679996136168e-04
2.990831940650195975e-04
2.838758597505375292e-04
2.678521686192425477e-04
2.509349894097567812e-04
2.331116309761682714e-04
2.144384667275289758e-04
1.950405100927810054e-04
1.751062886512499972e-04
1.548789234249170477e-04
1.346449409993510926e-04
1.147219213208927613e-04
9.544602028199733468e-05
7.715993032775259053e-05
6.020111624138735351e-05
4.489010341046650865e-05
3.151808996904037485e-05
2.033324454941976001e-05
1.152519479319380480e-05
5.207798182027545408e-06
1.400943830276446533e-06
1.305002683693601284e-08
8.272543823295563925e-07
3.494836462891726114e-06
7.540250692272820743e-06
1.238165567940541223e-05
1.736953269926289067e-05
2.184324755205580004e-05
2.520179174325676286e-05
2.698013550173072872e-05
2.691876926519398694e-05
2.501166700596968440e-05
2.151891901291946851e-05
1.693575175920614129e-05
1.191798733657378762e-05
7.174305906687550305e-06
3.344502687241401873e-06
8.876029369275784120e-07
3.545693516571191140e-09
6.055787196146411588e-07
2.350206642631746945e-06
4.718175063089802279e-06
7.128138989287435834e-06
9.056435047227751056e-06
1.013567647589752596e-05
1.021094372788411420e-05
9.344244787712341349e-06
7.771791374011627340e-06
5.829570014270757383e-06
3.868808690299374575e-06
2.181984626759003731e-06
9.540914049921411788e-07
