2.703783906099488377e-05
2.729231115949914965e-05
2.805573572572939156e-05
2.932734240346235310e-05
3.110348926327333174e-05
3.337440585937656579e-05
3.612035980893324449e-05
3.930772766125301132e-05
4.288554866604954441e-05
4.678312558326069848e-05
5.090896331694239052e-05
5.515146334289511287e-05
5.938133128324807331e-05
6.345563984666569013e-05
6.722334094888537948e-05
7.053189283112715202e-05
7.323443600171231083e-05
7.519730745286778983e-05
7.630712251227578236e-05
7.647726557991063601e-05
7.565323204516971600e-05
7.381653509241914435e-05
7.098699836660671281e-05
6.722318596530385548e-05
6.262097123510557140e-05
5.731018076460259181e-05
5.144946084101320594e-05
4.521951402125523600e-05
3.881507524283733801e-05
3.243584824019762891e-05
2.627692120427127520e-05
2.051914337641846942e-05
1.532009248705890059e-05
1.080590963908889535e-05
7.064921405230961682e-06
4.143071208773108083e-06
2.041868341962072009e-06
7.188871364860460744e-07
9.099814235469239065e-08
4.018542654193879571e-08
4.218967575297938311e-07
1.075411873330267554e-06
1.835971147556847427e-06
2.547929739193932619e-06
3.078379592125202180e-06
3.330173555582405243e-06
3.253432993233218440e-06
2.854015008324495284e-06
2.197409941118166898e-06
1.406274961368580989e-06
6.499406737248136778e-07
1.247440337692751200e-07
2.536921783757861704e-08
5.087621559596300358e-07
1.655260646771239408e-06
3.433810931596781302e-06
5.680776112626517715e-06
8.102227823769680981e-06
1.030751485586733907e-05
1.187587615447682765e-05
1.244795154775601986e-05
1.182390826670598472e-05
1.004144867522427376e-05
7.406306053781008814e-06
4.456724056467464834e-06
1.860786468910191616e-06
2.674016315040717018e-07
1.487004936961966450e-07
1.678285087791664409e-06
4.680150397007309948e-06
8.662410053261737630e-06
1.292442544809091487e-05
1.670610983239839697e-05
1.934075955034586514e-05
2.037761277051686193e-05
1.965321655461593764e-05
1.730607968397634977e-05
1.374116443741968396e-05
9.557994445685835672e-06
5.458631946453351702e-06
2.151026180285953160e-06
2.600208119929448003e-07
2.551176692122680834e-07
2.400528103407850722e-06
6.729745564371114597e-06
1.304483004105350119e-05
2.093787956880532874e-05
2.983139366108389368e-05
3.903248648384760600e-05
4.779588405767754011e-05
5.539013980637719214e-05
6.116188168903136102e-05
6.459353295440450893e-05
6.535064771640008985e-05
6.331560481953601993e-05
5.860561851989132265e-05
5.157327230165265064e-05
4.278856680173248606e-05
3.300257523619620770e-05
2.309311852854989411e-05
1.399472321850225853e-05
6.616521133651076525e-06
1.753741869947589294e-06
6.401279506462742575e-10
1.674281392638476973e-06
6.759618472074180318e-06
1.488559337303740904e-05
2.534005126619831572e-05
3.712692698343289521e-05
4.906368360479973489e-05
5.991028572793766216e-05
6.851465153090430249e-05
7.395449453895253100e-05
7.565416605359587265e-05
7.345709271078249003e-05
6.764177038576235645e-05
5.887838470641781896e-05
4.813405263348613516e-05
3.654271073116888147e-05
2.526032990601834172e-05
1.532683192806416628e-05
7.552370448138390202e-06
2.440597143049672013e-06
1.545785863754645106e-07
5.253160253460009699e-07
3.097266770168971561e-06
7.202137709327871562e-06
1.205009229465758835e-05
1.682722690077298466e-05
2.078933255234005628e-05
2.334349071020369593e-05
2.411141176139608433e-05
2.297026618691688782e-05
2.006883522653879481e-05
1.581802277428323578e-05
1.085611873463676602e-05
5.989929960037443379e-06
2.114449273449281463e-06
1.148031429920592927e-07
7.564988209196599200e-07
4.572194598040368874e-06
1.175611023995770665e-05
2.207931235886917420e-05
3.484118587948614731e-05
4.887224962146774487e-05
6.260175503314258094e-05
7.419933452013083297e-05
8.179279791420412948e-05
8.375521262848906190e-05
7.904247762269278610e-05
6.755054110385572130e-05
5.044917443797203305e-05
3.044108667893397069e-05
1.189381393373878382e-05
8.010822227788594319e-07
4.550022396188069251e-06
3.149800538437830255e-05
9.039190415194298112e-05
1.896852871396959017e-04
3.368226335993540488e-04
5.375622155838755134e-04
7.954039767525955540e-04
1.111176689278181584e-03
1.482822017166540718e-03
1.905391209177764722e-03
2.371246570220364447e-03
2.870437028320793615e-03
3.391200197356170065e-03
3.920535079160458736e-03
4.444790594035907816e-03
4.950222859037012313e-03
5.423488149162380978e-03
5.852053777843480020e-03
6.224525028414973349e-03
6.530899144081558916e-03
6.762766369675432543e-03
6.913480376823599727e-03
6.978317649640075615e-03
6.954636526657509421e-03
6.842035574919691499e-03
6.642498401205898517e-03
6.360502213354379819e-03
6.003059619516193379e-03
5.579661592292950445e-03
5.102092230245602877e-03
4.584094823641748917e-03
4.040882425414338286e-03
3.488503589210267819e-03
2.943092302245986502e-03
2.420048236146499221e-03
1.933207026141303686e-03
1.494067769215234875e-03
1.111148143493778662e-03
7.895335922682988894e-04
5.306775605475877455e-04
3.324916740865546672e-04
1.897372819428255752e-04
9.469305548748252477e-05
3.803286807624317589e-05
9.811729697162263619e-06
4.373984552330512088e-07
1.507244348886160878e-06
6.415576152107860253e-06
1.067863259152090905e-05
1.197187036439117946e-05
9.916460342651589599e-06
5.682211735802411567e-06
1.488021055706667539e-06
7.994449902071210090e-08
4.253447244195740495e-06
1.646570257207713439e-05
3.856113684719275625e-05
7.161309132186488569e-05
1.158695250893515549e-04
1.707815163598525032e-04
2.350904297543365828e-04
3.069500588850360145e-04
3.840643936001697512e-04
4.638269228536273658e-04
5.434527729875071600e-04
6.201004830472811591e-04
6.909840359270447152e-04
7.534781805702550628e-04
8.052208494717660869e-04
8.442145790041877262e-04
8.689263852232897989e-04
8.783804022840513426e-04
8.722342840172814249e-04
8.508267146538628367e-04
8.151837671590556056e-04
7.669746223086804093e-04
7.084137300523707381e-04
6.421145577775178026e-04
5.709085631764310165e-04
4.976488153545233217e-04
4.250209649967473524e-04
3.553821100439336078e-04
2.906433163758492810e-04
2.322039231614780874e-04
1.809379781718689628e-04
1.372258225984523961e-04
1.010195645108069584e-04
7.192857036386612890e-05
4.931145817010929022e-05
3.236366320891193027e-05
2.019379775219931616e-05
1.188666151108463964e-05
6.554936518909926235e-06
3.383204898455005605e-06
1.666639718678197823e-06
8.444317813882662449e-07
5.249200398793618660e-07
4.995700493282129173e-07
7.450507411022044835e-07
1.416578527368983487e-06
2.838792568127246341e-06
5.502162352399864176e-06
1.007232005179048429e-05
1.741826339696217474e-05
2.866308473414846958e-05
4.525913600161857175e-05
6.908732635224623664e-05
1.025780986481095169e-04
1.488479677789200650e-04
2.118402603343838564e-04
2.964512181904410681e-04
4.086135224383724562e-04
5.552992520136967869e-04
7.443970042828595979e-04
9.844172289916741647e-04
1.283990532925827210e-03
1.651150244612153983e-03
2.092432428511870057e-03
2.611876207907926073e-03
3.210051883769438064e-03
3.883265518709322350e-03
4.623076999465070003e-03
5.416223112391094219e-03
6.244973377619089661e-03
7.087882989196714334e-03
7.920859098277333032e-03
8.718432256245023382e-03
9.455119988430737976e-03
1.010677999271081262e-02
1.065186990429367597e-02
1.107254982017025213e-02
1.135558020996541018e-02
1.149297524005987725e-02
1.148237413872266188e-02
1.132709578729418354e-02
1.103585115129135374e-02
1.062211067277019083e-02
1.010315903057801279e-02
9.498910889746525754e-03
8.830600573844549217e-03
8.119480914274390670e-03
7.385666121820122498e-03
6.647226544799877956e-03
5.919597758946792965e-03
5.215314204079390947e-03
