7.501052124325724435e-06
7.395296862000577676e-06
7.084653844913191278e-06
6.588553006281472335e-06
5.937689493862308154e-06
5.171647416091218474e-06
4.335908755592754460e-06
3.478466950923575496e-06
2.646343546075513586e-06
1.882381184259429574e-06
1.222404193867987487e-06
6.931771423523969133e-07
3.110734354550004355e-07
8.172263221695175162e-08
4.596643066179240122e-10
5.351036236334039131e-08
2.198585207224823534e-07
4.733966392223010189e-07
7.854189050249260617e-07
1.126924672689710860e-06
1.470795510272182582e-06
1.793580054254562128e-06
2.076721656862901000e-06
2.307265830836513487e-06
2.477998705785466882e-06
2.587105996099126060e-06
2.637355706269772782e-06
2.635015590612965752e-06
2.588639475220588793e-06
2.507859335310058668e-06
2.402206831675357535e-06
2.280192589410034998e-06
2.148668201584769122e-06
2.012372050330668571e-06
1.873764063020644244e-06
1.733138290660463099e-06
1.588912141414766666e-06
1.438171665313348058e-06
1.277466793681014678e-06
1.103955511894127994e-06
9.167108743213248090e-07
7.182737817856832407e-07
5.161029150713147828e-07
3.233497096744031296e-07
1.586349185345170554e-07
4.386723162497219164e-08
5.019273885409347713e-11
4.101298145542386919e-08
1.663394613160562585e-07
3.555031753421644680e-07
5.665233544505099417e-07
7.417113181418244494e-07
8.222822458492373698e-07
7.694084018794455915e-07
5.856639546664155205e-07
3.266002011059754295e-07
9.305145454163721297e-08
2.361133510930812918e-10
1.311307471496547805e-07
4.925963139612576924e-07
9.970927692393161124e-07
1.484970766796323005e-06
1.783566091262400732e-06
1.779341943120016367e-06
1.469260737962940766e-06
9.655240944539400516e-07
4.494927878795351717e-07
9.601228612154955044e-08
3.653511271295428742e-09
1.620793739220971474e-07
4.678287552906112978e-07
7.764005545141117182e-07
9.634045170514582423e-07
9.683242154778781696e-07
8.063568088800820988e-07
5.494873960287804948e-07
2.896563415788477869e-07
1.004753471534058917e-07
1.159355633717495948e-08
3.551775762389297597e-09
2.443584889988414943e-08
2.439469426462892443e-08
1.296982077292341273e-09
5.002888769922719803e-08
4.083793072595653939e-07
1.494628151021970552e-06
3.933397181299369549e-06
8.568143911702463811e-06
1.646006617761486268e-05
2.887355216785181256e-05
4.724841242875754688e-05
7.315902192317480512e-05
1.082595611308079242e-04
1.542144617729945821e-04
2.126126979504761039e-04
2.848649985196516354e-04
3.720840600891506256e-04
4.749497108775813103e-04
5.935638784677621516e-04
7.273032785235500342e-04
8.746822733627368507e-04
1.033241384376992755e-03
1.199480393836438452e-03
1.368855573716132312e-03
1.535859540297224157e-03
1.694197912712525067e-03
1.837068960682586294e-03
1.957541885133196047e-03
2.049016134975545356e-03
2.105728881986124179e-03
2.123264126510093774e-03
2.099006042271867045e-03
2.032476622204626437e-03
1.925505276901162688e-03
1.782198281460978251e-03
1.608703094191810123e-03
1.412793664698597240e-03
1.203327108711960136e-03
9.896355273752988069e-04
7.809179989948233924e-04
5.856887809017052859e-04
4.113228291089399136e-04
2.637241761362929537e-04
1.471273726707522655e-04
6.402918749870423198e-05
1.523732356645268737e-05
1.493253876105882227e-08
1.629532313529580279e-05
6.093926209871369792e-05
1.300092690001974916e-04
2.190387081526523616e-04
3.232793216767504418e-04
4.379161802603448450e-04
5.582451614003502982e-04
6.798121374487209323e-04
7.985169091426769228e-04
9.106867698136511535e-04
1.013125576832862862e-03
1.103144521806598277e-03
1.178579628771103671e-03
1.237800363142582682e-03
1.279712049438330723e-03
1.303753340195612509e-03
1.309888817729643051e-03
1.298595137328106830e-03
1.270838490881942562e-03
1.228040171227462451e-03
1.172027272573927803e-03
1.104965774672450607e-03
1.029274428276494291e-03
9.475206210822761932e-04
8.623018829752027159e-04
7.761210433443466172e-04
6.912658960800399655e-04
6.097065037522497732e-04
5.330221222976661011e-04
4.623657500530953257e-04
3.984681349038510234e-04
3.416759535781466184e-04
2.920137522721688583e-04
2.492571437073820562e-04
2.130058711458104881e-04
1.827485223344638143e-04
1.579150650741212303e-04
1.379164529140552986e-04
1.221724398448031934e-04
1.101293591858620857e-04
1.012690633928059469e-04
9.510971592874284397e-05
9.119936761692315486e-05
8.910416083551808697e-05
8.839455134079798881e-05
8.863396116964850080e-05
8.937435424627437897e-05
9.016145887130733172e-05
9.054999252100515150e-05
9.012627401716599707e-05
8.853419588206179469e-05
8.550027503417823027e-05
8.085492709142272361e-05
7.454872043410887272e-05
6.666387415066310496e-05
5.742162981903220498e-05
4.718513616808195366e-05
3.645619445080683363e-05
2.586306365515156358e-05
1.613575403780487250e-05
8.066599249900718860e-06
2.455891078056993138e-06
4.547115395325818099e-08
1.446299918939075724e-06
7.068580245572775311e-06
1.706408228585587494e-05
3.128989840206486406e-05
4.930070021202936914e-05
7.037294113843017840e-05
9.356006509619874123e-05
1.177730156314282794e-04
1.418761210061347811e-04
1.647856309148210130e-04
1.855579926512973543e-04
2.034566904143275679e-04
2.179911878954499116e-04
2.289264065922225200e-04
2.362666378985522897e-04
2.402203654838785951e-04
2.411545143417015424e-04
2.395455223762610331e-04
2.359331475361159391e-04
2.308810276048234300e-04
2.249454454386068392e-04
2.186531334871233412e-04
2.124870586754923352e-04
2.068794556322472999e-04
2.022104841046257206e-04
1.988112228303862139e-04
1.969695189103504163e-04
1.969372446097850116e-04
1.989373227786472853e-04
2.031693240240883824e-04
2.098118927165160130e-04
2.190211799302232976e-04
2.309239888660385986e-04
2.456056051016730635e-04
2.630920072874687321e-04
2.833275999591933214e-04
3.061500444516696007e-04
3.312647803710433436e-04
3.582229548726445501e-04
3.864069752808063640e-04
4.150282084935952298e-04
4.431404730809163084e-04
4.696716692080826761e-04
4.934731835675165712e-04
5.133840892881380569e-04
5.283048831898895514e-04
5.372736270459199659e-04
5.395373527079527776e-04
5.346115841717846706e-04
5.223227747990222269e-04
5.028290223236808743e-04
4.766172454253592150e-04
4.444760315323037503e-04
4.074466587979941323e-04
3.667571904912847458e-04
3.237468559973422089e-04
2.797892036454641129e-04
2.362210032913480973e-04
1.942818674365298648e-04
1.550655007633849891e-04
1.194816746732385582e-04
8.822700270627592545e-05
6.176430038351554686e-05
4.031171604879091319e-05
2.384393677345997276e-05
1.210752252234215121e-05
4.650530939898089855e-06
8.644702234050782863e-07
3.487451749606407247e-08
1.395971452211597352e-06
4.184708558341299067e-06
7.689844991887184733e-06
1.129301784885683446e-05
1.449923564678101684e-05
1.695528736433971062e-05
1.845564192137771897e-05
1.893580892442514596e-05
1.845445289916369802e-05
1.716634373849501571e-05
1.528897834646159026e-05
1.306695406810831628e-05
1.073812089202874631e-05
8.505706844630367414e-06
6.519713039665475662e-06
4.869395453965807974e-06
3.586641639685694827e-06
2.658326280879919068e-06
2.044317838567621948e-06
1.697857427984672540e-06
1.585099070666728949e-06
1.702015552496050077e-06
2.087146995677358063e-06
2.829889680810993013e-06
4.073470265097967058e-06
6.012836720969971793e-06
8.887346083952252229e-06
1.296930194882861542e-05
1.854960378011583089e-05
2.592229986930760788e-05
3.536965598982533265e-05
4.714880810752219986e-05
6.148025846641758108e-05
7.853741901442390372e-05
9.843593801406314014e-05
1.212216122468134927e-04
1.468564756237356050e-04
1.752041919900193534e-04
2.060173262208309097e-04
2.389301058798309896e-04
2.734604989882427617e-04
