9.081065257987575023e-05
9.293666495580055198e-05
9.946600498267343937e-05
1.108536817895355853e-04
1.278617255735525760e-04
1.515646204524045970e-04
1.833567455520324074e-04
2.249618926981611367e-04
2.784449047368298125e-04
3.462260068829436932e-04
4.310982817656849875e-04
5.362492796763262959e-04
6.652879075375039974e-04
8.222777151445370691e-04
1.011777920723488933e-03
1.238893533610507802e-03
1.509335557713598064e-03
1.829492365132523446e-03
2.206513064024306914e-03
2.648403342249139314e-03
3.164134238673455002e-03
3.763763851182488906e-03
4.458571990383575212e-03
5.261207431374259613e-03
6.185847276853451149e-03
7.248367956393053646e-03
8.466526944005181576e-03
9.860154459261138982e-03
1.145135411823616778e-02
1.326471150557040346e-02
1.532750915131941838e-02
1.766994611631389489e-02
2.032535925303591284e-02
2.333044190888244884e-02
2.672545309485485632e-02
3.055440673679754582e-02
3.486522512410772379e-02
3.970983354190593673e-02
4.514416367571527644e-02
5.122802093863754180e-02
5.802475642627769048e-02
6.560066596078684142e-02
7.402401781038747686e-02
8.336358739211391367e-02
9.368655088378829987e-02
1.050555636608834220e-01
1.175248255769787420e-01
1.311349206928866806e-01
1.459062273338957993e-01
1.618307467576727277e-01
1.788623302216336697e-01
1.969055369881402839e-01
2.158037727092789737e-01
2.353279496974778340e-01
2.551676253628585300e-01
2.749272541948073467e-01
2.941305659147985807e-01
3.122358277202295085e-01
3.286635890058136056e-01
3.428363817740347486e-01
3.542270466687540420e-01
3.624095383575394180e-01
3.671041333401063866e-01
3.682087387505674769e-01
3.658098746179945238e-01
3.601706100248946996e-01
3.516973815668364978e-01
3.408919373134153830e-01
3.282973948717966550e-01
3.144477975393300540e-01
2.998285881021729438e-01
2.848518853480186408e-01
2.698466125808636207e-01
2.550605905924072658e-01
2.406703098455693635e-01
2.267941752782718368e-01
2.135060307726206474e-01
2.008470714024213066e-01
1.888353765901200632e-01
1.774730453948052400e-01
1.667512931544052890e-01
1.566539822671018101e-01
1.471600266337986795e-01
1.382450203357308283e-01
1.298823467171672519e-01
1.220439469196179516e-01
1.147008701440057621e-01
1.078236881942444825e-01
1.013828289588474263e-01
9.534886408852116801e-02
8.969277187875945856e-02
8.438618655911511723e-02
7.940163877972850059e-02
7.471278813990522849e-02
7.029464630026893701e-02
6.612378860594958496e-02
6.217855149643014556e-02
5.843921319991807195e-02
5.488815466704011214e-02
5.150999734988204182e-02
4.829171306374746564e-02
4.522269942928858200e-02
4.229481141238977671e-02
3.950233676549430584e-02
3.684190056375769018e-02
3.431228464462776628e-02
3.191415192085855779e-02
2.964967530384399197e-02
2.752208507210696098e-02
2.553516305225400629e-02
2.369272414284750994e-02
2.199812966253489321e-02
2.045387358789696464e-02
1.906127185058892337e-02
1.782027233112160047e-02
1.672938919838884431e-02
1.578575481646282697e-02
1.498527227315094024e-02
1.432284496172542276e-02
1.379265451164712886e-02
1.338845775393338045e-02
1.310387672826607286e-02
1.293266214632637912e-02
1.286891976943138616e-02
1.290729734752460445e-02
1.304313670301837647e-02
1.327259964878635401e-02
1.359277825956439756e-02
1.400179930726608291e-02
1.449893116141254268e-02
1.508469931330580494e-02
1.576101411512809136e-02
1.653131270528263030e-02
1.740071489834349450e-02
1.837619163002557343e-02
1.946674269414927494e-02
2.068357893271866033e-02
2.204030187000682872e-02
2.355307134534712077e-02
2.524074893906913530e-02
2.712500205952039778e-02
2.923035067102830453e-02
3.158413691376438237e-02
3.421639705470624904e-02
3.715961690413394081e-02
4.044835539983182571e-02
4.411872770364766438e-02
4.820774708325359370e-02
5.275253370021459887e-02
5.778940539910593088e-02
6.335287032800351881e-02
6.947454041363698707e-02
7.618198008188414860e-02
8.349749639904757714e-02
9.143686770815406817e-02
1.000080005959347318e-01
1.092095025688308851e-01
1.190291623646970720e-01
1.294423430550324383e-01
1.404103165860703939e-01
1.518786036974404396e-01
1.637754291717214983e-01
1.760104582428425601e-01
1.884740374059248325e-01
2.010372124241257552e-01
2.135528198815705991e-01
2.258579301792309479e-01
2.377778416670679462e-01
2.491316815683575214e-01
2.597394669234631692e-01
2.694302425170747028e-01
2.780506843853061127e-01
2.854733851079913620e-01
2.916039661162841412e-01
2.963862195074682404e-01
2.998046693388118911e-01
3.018842337982619028e-01
3.026870144488924552e-01
3.023065772399036177e-01
3.008603636104112411e-01
2.984810375723299103e-01
2.953076195118740088e-01
2.914771870835721757e-01
2.871177679905230207e-01
2.823428472569133874e-01
2.772477017560106560e-01
2.719075876603511688e-01
2.663776578491905411e-01
2.606943803682781891e-01
2.548781583196415568e-01
2.489368083545997479e-01
2.428695298270184821e-01
2.366709896836312055e-01
2.303351619683127183e-01
2.238586020579589331e-01
2.172429086661509245e-01
2.104962272590853445e-01
2.036337657111175758e-01
1.966774078025963490e-01
1.896546037500854709e-01
1.825967740268481521e-01
1.755374787655910040e-01
1.685105832895317235e-01
1.615486025878283272e-01
1.546813479004924829e-01
1.479349386199970695e-01
1.413311927024523129e-01
1.348873715176495125e-01
1.286162314844432331e-01
1.225263230683282245e-01
1.166224748384934173e-01
1.109064032320219439e-01
1.053773952003496106e-01
1.000330192232325999e-01
9.486982845641023232e-02
8.988402704673603694e-02
8.507207712830222590e-02
8.043122804377844659e-02
7.595995265312183164e-02
7.165827730865714784e-02
6.752799375847473584e-02
6.357274349116437406e-02
5.979796797018366306e-02
5.621072393330450723e-02
5.281937012897230943e-02
4.963314168679744398e-02
4.666163922944122078e-02
4.391427083204746395e-02
4.139969379527030924e-02
3.912530794221424912e-02
3.709685136129792227e-02
3.531814115788733943e-02
3.379098745709541163e-02
3.251528950200111012e-02
3.148930120413240275e-02
3.071003474848055248e-02
3.017375610184558354e-02
2.987652048571476371e-02
2.981469688523930017e-02
2.998543906745965160e-02
3.038707340948576530e-02
3.101938732112330399e-02
3.188381582951649307e-02
3.298353365828177175e-02
3.432346717660550439e-02
3.591024342273385628e-02
3.775209257243261618e-02
3.985871700928100836e-02
4.224113455337885625e-02
4.491149753700085512e-02
4.788288312929012136e-02
5.116904523931964377e-02
5.478411465588806095e-02
5.874223183450055785e-02
6.305709652052371439e-02
6.774142032264762747e-02
7.280627191407518239e-02
7.826031063295602053e-02
8.410891221049610067e-02
9.035320008102587508e-02
9.698900667383725249e-02
1.040058004906114775e-01
1.113856257111649484e-01
1.191021100640483610e-01
1.271196050170289027e-01
1.353925285076229557e-01
1.438649873654327394e-01
1.524707631311770228e-01
1.611337512355817125e-01
1.697689449467105760e-01
1.782840446984579330e-01
1.865817433915850643e-01
1.945626811816509871e-01
2.021289821022094202e-01
2.091881870016294442e-01
2.156573034954192281e-01
2.214666279849666353e-01
2.265629772755062277e-01
2.309120102288204635e-01
2.344994164954954385e-01
2.373308814680257228e-01
2.394308764509247567e-01
2.408404439436964140e-01
2.416142324354808579e-01
2.418170741789964495e-01
2.415203966713193040e-01
2.407987228618964082e-01
2.397264593898000840e-01
2.383751085639431722e-01
2.368109789856163161e-01
2.350934179960404435e-01
2.332735501860838667e-01
2.313934802611896657e-01
2.294859039053847027e-01
2.275740652041520207e-01
2.256720000063694442e-01
2.237850102311256251e-01
2.219103219609763755e-01
2.200378889106389124e-01
2.181513123250340414e-01
