4.288379079753212864e-05
4.311461761119517178e-05
4.380217417576659500e-05
4.493141004502376745e-05
4.647600530915951822e-05
4.839682297586023196e-05
5.064027736523257772e-05
5.313694288133774535e-05
5.580099251289993845e-05
5.853057852789333992e-05
6.120971302436828410e-05
6.371145560990498780e-05
6.590258242056279414e-05
6.764948334136988706e-05
6.882479578962374944e-05
6.931475888904969906e-05
6.902623853477507510e-05
6.789344867286217777e-05
6.588352641756500816e-05
6.300056473662607459e-05
5.928789687459357083e-05
5.482808427359486814e-05
4.974064229656960379e-05
4.417740970552586077e-05
3.831560967171299126e-05
3.234896887249760766e-05
2.647724225823822053e-05
2.089474624256126845e-05
1.577860921031515318e-05
1.127749797547039634e-05
7.501745457716424426e-06
4.515772147328789288e-06
2.333483450911444379e-06
9.175141997275204631e-07
1.825307975877876743e-07
2.835221835084666964e-09
2.239520142666151514e-07
6.774085505867333268e-07
1.197743145553431532e-06
1.639948976617233711e-06
1.895684292207988619e-06
1.906143864971454605e-06
1.669593316933060123e-06
1.241861355083528906e-06
7.287518855036978493e-07
2.699515135873298277e-07
1.565621232657576911e-08
9.819700608204584569e-08
6.029132322282748646e-07
1.543563953987359127e-06
2.848778265729379200e-06
4.365124951277721266e-06
5.879979539713531267e-06
7.162649126257747412e-06
8.015976135311575490e-06
8.324617596144889831e-06
8.084191577495403180e-06
7.399484047709847800e-06
6.450649863154467312e-06
5.439805192963831360e-06
4.539557664884341648e-06
3.863171556872657675e-06
3.463942405801390123e-06
3.354641719965911761e-06
3.528206576675074757e-06
3.964309925663656031e-06
4.619660217031196225e-06
5.414493088551353139e-06
6.231495930819619389e-06
6.935988992040620360e-06
7.411611207430723880e-06
7.595443051400252443e-06
7.496286116293049417e-06
7.189457264189513808e-06
6.793392145709731267e-06
6.441212917707161978e-06
6.260966600279971317e-06
6.371590359321999131e-06
6.894123771417071112e-06
7.970861688022523595e-06
9.782245825817881268e-06
1.255250070641977800e-05
1.653819907687648083e-05
2.199914852951678768e-05
2.915511606715881499e-05
3.813560427090578742e-05
4.893135621841793181e-05
6.135617481106692139e-05
7.502599130759790569e-05
8.935954869571105519e-05
1.036019894229411875e-04
1.168698190667782910e-04
1.282134057873918209e-04
1.366920064072019159e-04
1.414554753438324042e-04
1.418270629613971323e-04
1.373822909442878881e-04
1.280196132995570224e-04
1.140189832966598260e-04
9.608551835071921232e-05
7.537453015515893640e-05
5.349515889463418716e-05
3.248866174487829994e-05
1.477779332503814658e-05
3.083228293121464958e-06
3.041132430325887981e-07
9.360798742363840574e-06
3.300111430348806607e-05
7.357517399952939741e-05
1.327901932484110148e-04
2.114634448417973545e-04
3.092993961502088496e-04
4.247239743051522964e-04
5.548100052976678853e-04
6.953265280174036889e-04
8.409301183007755753e-04
9.854987890918209814e-04
1.122580649720816837e-03
1.245909827190416763e-03
1.349921263226860901e-03
1.430196759443447263e-03
1.483783927213266907e-03
1.509353407286084803e-03
1.507186855661757363e-03
1.479014822479030045e-03
1.427741907519930464e-03
1.357106108585526272e-03
1.271318930179177187e-03
1.174726653744073701e-03
1.071521245862072647e-03
9.655177993295183114e-04
8.600041873165764628e-04
7.576594814935333488e-04
6.605319705386136775e-04
5.700643879578137785e-04
4.871524828047313349e-04
4.122247852933469403e-04
3.453320207995602686e-04
2.862379540857773463e-04
2.345052810284187217e-04
1.895725559393213189e-04
1.508200301287843104e-04
1.176237856981288132e-04
8.939811944230768859e-05
6.562730834502872312e-05
4.588733068544570415e-05
2.985840444580389885e-05
1.732860609138242580e-05
8.188577794498996809e-06
2.417095757323295402e-06
5.695206084510573419e-08
1.181753333412416396e-06
5.854556235362906591e-06
1.408120827761649707e-05
2.576238564699906419e-05
4.065015453136311407e-05
5.831527496980015712e-05
7.813124997824161255e-05
9.927979239421347302e-05
1.207798780598068333e-04
1.415392880090848848e-04
1.604247578086415160e-04
1.763440982927022560e-04
1.883321208566712812e-04
1.956314818727378224e-04
1.977603298115582220e-04
1.945594747212453512e-04
1.862140264279332769e-04
1.732460979013694669e-04
1.564775730997780556e-04
1.369639315669246571e-04
1.159035214470804931e-04
9.452967634615561110e-05
7.399737664570693596e-05
5.527924857062771480e-05
3.908649121342477883e-05
2.582776878057302383e-05
1.561212351930407749e-05
8.293033886275225086e-06
3.541459747680164583e-06
9.309810735658174963e-07
1.677177863257384161e-08
3.955774161568115233e-07
1.740096280400393880e-06
3.808643413094614516e-06
6.435410028871046961e-06
9.508668753710480814e-06
1.294452546574120788e-05
1.666154233248562377e-05
2.056108380088517151e-05
2.451545489634554542e-05
2.836517316495701380e-05
3.192459342926667887e-05
3.499412162000226090e-05
3.737636393452703487e-05
3.889344043273013085e-05
3.940329061435932090e-05
3.881350349388412724e-05
3.709199502566207229e-05
3.427484443818684667e-05
3.047114742571466195e-05
2.586543149618591997e-05
2.071706043693666288e-05
1.535619851722458407e-05
1.017525029567423189e-05
5.614878148207935737e-06
2.143770188922644593e-06
2.323254904013083433e-07
3.208869827631133376e-07
2.784652366472073481e-06
7.897778701249080768e-06
1.580028857972592959e-05
2.647125774046799052e-05
3.971170349359454121e-05
5.513961716019366577e-05
7.219872350106015801e-05
9.018111855141341948e-05
1.082625673234360875e-04
1.255485553883772809e-04
1.411275794254152061e-04
1.541287839756932954e-04
1.637795151054888265e-04
1.694595178065583241e-04
1.707479125769850725e-04
1.674599677414789767e-04
1.596709449813715764e-04
1.477244292260593284e-04
1.322240508301320006e-04
1.140069794729470232e-04
9.410005739596272178e-05
7.365839528006290493e-05
5.388982489762383921e-05
3.596829587593219912e-05
2.094196831592398667e-05
9.643169221362768440e-06
2.608657311498063791e-06
1.909211277961730957e-08
1.667228133328535478e-06
6.961403670402432908e-06
1.496883680829341756e-05
2.449901158740885876e-05
3.422209978509727080e-05
4.281216932611187076e-05
4.910064807006619958e-05
5.222185174602600455e-05
5.172982132251036091e-05
4.766849541226747533e-05
4.057889694308869366e-05
3.143700250518577377e-05
2.152575579827953334e-05
1.225724929554417031e-05
4.973033441046936787e-06
7.561039296888338868e-07
2.867603683398556313e-07
3.765252358789439313e-06
1.090896137156960322e-05
2.101698562739784393e-05
3.308316749439654814e-05
4.593374941919137200e-05
5.836707069306612539e-05
6.927739423190359958e-05
7.775243886953830952e-05
8.313968315576403256e-05
8.508168077980826638e-05
8.352289718516203720e-05
7.869255770742711320e-05
7.106784974553193024e-05
6.132193601615654188e-05
5.026123365325929626e-05
3.875590091695357842e-05
2.766788638552952762e-05
1.778115733941376675e-05
9.738793636415721267e-06
3.992127247443022497e-06
7.666046570875550970e-07
4.836343237002438400e-08
1.593896129747918167e-06
4.962713077816260920e-06
9.570329325470083859e-06
1.475546960705287347e-05
1.985357535261300654e-05
2.426675858657745266e-05
2.752157882923711441e-05
2.930759144703642960e-05
2.949339223334845883e-05
2.812085583059342753e-05
2.538186620881788258e-05
2.158426705989313632e-05
1.711431141870889405e-05
1.240217656572895066e-05
7.895032183569128392e-06
4.039782112386092194e-06
1.275011555890159798e-06
3.004153370511630783e-08
7.275128410810793866e-07
3.785643002629512921e-06
9.616134775569662452e-06
1.861505609213054413e-05
3.114454482044948236e-05
4.750549690868410835e-05
