1.648621575611741719e-05
1.670831159117369680e-05
1.738017225250132469e-05
1.851792116269734834e-05
2.014658798543678131e-05
2.229762689864855929e-05
2.500567792651509080e-05
2.830488769234307256e-05
3.222524173907004297e-05
3.678899207670838223e-05
4.200759828165701038e-05
4.787932341798750713e-05
5.438764556231490133e-05
6.150049735254015104e-05
6.917032457920413435e-05
7.733495552031399711e-05
8.591900171950328513e-05
9.483575574620317639e-05
1.039893329561891733e-04
1.132769230736130339e-04
1.225909336568520303e-04
1.318209949090487498e-04
1.408556705086994043e-04
1.495838217238087964e-04
1.578956864705105545e-04
1.656836232655223284e-04
1.728426467195731675e-04
1.792708737724524326e-04
1.848699406679088497e-04
1.895455972373838449e-04
1.932085434503960641e-04
1.957757636432688741e-04
1.971723107772049843e-04
1.973336879075304751e-04
1.962088231266534422e-04
1.937635134225956790e-04
1.899841624037890142e-04
1.848815539347015147e-04
1.784944280700528907e-04
1.708921143688257871e-04
1.621762030765694362e-04
1.524804749095665102e-04
1.419689533577184193e-04
1.308318164632282787e-04
1.192792269080200640e-04
1.075333126294708563e-04
9.581899651323055878e-05
8.435416077645641053e-05
7.334029993444346474e-05
6.295431491309955163e-05
5.334222224462337181e-05
4.461519741028041608e-05
3.684788705982100510e-05
3.007886527939263033e-05
2.431261926005845453e-05
1.952268803506740369e-05
1.565587591301209613e-05
1.263758666425474075e-05
1.037865565933770995e-05
8.783812475599006575e-06
7.760483399010809080e-06
7.225966740520561871e-06
7.109793017434640205e-06
7.349280082280529314e-06
7.879172855496108241e-06
8.619458398584356473e-06
9.468265758982852276e-06
1.030471638330254791e-05
1.100289283328947931e-05
1.145245373379566445e-05
1.157853583322321356e-05
1.135401677743175242e-05
1.080090427763025218e-05
9.981512476997522754e-06
8.983257856698401156e-06
7.901777394181408454e-06
6.826207140875339974e-06
5.829091776377026690e-06
4.961634488154231803e-06
4.253806025644735200e-06
3.718134394148364663e-06
3.355596547294226184e-06
3.162066661843709880e-06
3.133842682245813194e-06
3.271258663062326377e-06
3.579941363796024234e-06
4.069687093988250126e-06
4.751541212044685381e-06
5.633864645915309666e-06
6.718343612988064706e-06
7.996723851988463139e-06
9.448831733038787206e-06
1.104211513336395001e-05
1.273260585321622784e-05
1.446720033015935769e-05
1.618659675273192988e-05
1.782872706712623767e-05
1.933210870674884063e-05
2.063903664861754805e-05
2.169831418541434687e-05
2.246758782575852820e-05
2.291533931497724552e-05
2.302266688047893695e-05
2.278490237017649633e-05
2.221299600080328673e-05
2.133460478148663242e-05
2.019441849654413090e-05
1.885337943008380535e-05
1.738650587412848836e-05
1.587903211941465997e-05
1.442141979168809485e-05
1.310403501975088147e-05
1.201299549791201571e-05
1.122889652549474704e-05
1.083035932936127210e-05
1.090260505520745937e-05
1.155093021054653946e-05
1.291594395524953143e-05
1.518680274159578403e-05
1.860711955714577925e-05
2.346938605057857785e-05
3.009570673384587280e-05
3.880560659297316306e-05
4.987504104292384000e-05
6.349264296545698016e-05
7.972041234438620450e-05
9.846494940290995146e-05
1.194635733412496847e-04
1.422869870282283955e-04
1.663576244226305789e-04
1.909807140663133396e-04
2.153841873280271102e-04
2.387628143054598695e-04
2.603225043742440903e-04
2.793216519734187386e-04
2.951069248666726708e-04
3.071423942770934445e-04
3.150311313078191233e-04
3.185293760594731793e-04
3.175535891841718694e-04
3.121804086418933366e-04
3.026402965957686320e-04
2.893049429957272878e-04
2.726687110623515764e-04
2.533248248539621272e-04
2.319367314669307234e-04
2.092059165192949877e-04
1.858376955823359822e-04
1.625069557036340484e-04
1.398263815843847624e-04
1.183195307277173924e-04
9.840101250802035793e-05
8.036560141988502437e-05
6.438680281917186221e-05
5.052471458100171731e-05
3.874176675822127436e-05
2.892399585618932178e-05
2.090533048715315090e-05
1.449193602809373260e-05
9.484350115940287651e-06
5.695666914107277989e-06
2.964838586194673553e-06
1.164547583698549715e-06
2.041303730493382318e-07
2.760317840966308722e-08
6.076065659499363392e-07
1.935670482566820283e-06
4.009559901874126808e-06
6.818813687914371258e-06
1.032948576096259785e-05
1.446989050180036429e-05
1.911903272855397518e-05
2.409980658057975234e-05
2.917864402718350902e-05
3.407307254121860751e-05
3.846782030336726166e-05
4.203869526975267945e-05
4.448249457311703736e-05
4.554957564550932148e-05
4.507505465767280839e-05
4.300443097804418358e-05
3.940995873108477099e-05
3.449565100765994430e-05
2.859006120559115516e-05
2.212760252007228701e-05
1.562030683999182656e-05
9.622354056659787602e-06
4.690044605126786337e-06
1.340101647429037257e-06
8.842192755764699541e-09
1.015354740729890182e-06
4.531665737772527791e-06
1.056247758413064730e-05
1.893716773793130415e-05
2.931502569936128566e-05
4.120397811391285359e-05
5.399146414220012957e-05
6.698460829568375630e-05
7.945626822447593440e-05
9.069273085060558515e-05
1.000392455949850046e-04
1.069399736479681451e-04
1.109701014172514988e-04
1.118588833577405239e-04
1.095033967999370361e-04
1.039739621404578429e-04
9.551252684047994990e-05
8.452579625384259998e-05
7.157501582355507708e-05
5.736430621539057029e-05
4.272944426020330866e-05
2.862841847672825679e-05
1.613493263619147911e-05
6.435664616333269805e-06
8.308063428330569877e-07
7.375985831004072679e-07
7.694966384974577522e-06
2.336743084185854968e-05
4.954537357093613537e-05
8.813855413336568745e-05
1.411592221671753578e-04
2.106909796850686689e-04
2.988396448131425132e-04
4.076622674773489052e-04
5.390716898290293102e-04
6.947149761060700257e-04
8.758258760224180151e-04
1.083054817513584567e-03
1.316282715549732529e-03
1.574429525462051060e-03
1.855272431711796344e-03
2.155292599624658578e-03
2.469572210159753922e-03
2.791764742184454917e-03
3.114158895371588187e-03
3.427852729956271105e-03
3.723045520175105594e-03
3.989444572084721585e-03
4.216771840575006536e-03
4.395343350367397761e-03
4.516682710601571671e-03
4.574122367301924896e-03
4.563341745125626403e-03
4.482790309538131623e-03
4.333948054238589975e-03
4.121384915933390403e-03
3.852595443973427791e-03
3.537604014383077811e-03
3.188360710751680926e-03
2.817973263844919529e-03
2.439844432046811562e-03
2.066801855079347661e-03
1.710311881623738373e-03
1.379859267458982686e-03
1.082549571776780795e-03
8.229561655213046834e-04
6.031974792648497896e-04
4.231998042314444319e-04
2.810849081242849934e-04
1.736175106543669244e-04
9.665663186808615137e-05
4.556887444095991668e-05
1.557800318607860390e-05
2.040096916289257933e-06
6.439414335090987151e-07
7.544151458205305971e-06
1.943780615931700595e-05
3.359651719847533968e-05
4.786527664180084685e-05
6.063764219277345546e-05
7.081459524727051758e-05
7.775251505393043772e-05
8.120365427544129489e-05
8.125114331392069289e-05
7.824012421053794242e-05
7.270596451292021811e-05
6.530152506911690580e-05
5.672604774531464500e-05
4.765928068195535161e-05
3.870529147320667107e-05
3.035040211329942395e-05
2.293860103463885025e-05
1.666599926863909786e-05
1.159297917752155627e-05
7.670202805343251384e-06
4.772521464246892720e-06
2.734569747531168105e-06
1.382129724447622721e-06
5.559495690476978780e-07
1.264245099719119025e-07
2.620481609483249485e-11
1.192161107610445470e-07
4.579463421805485268e-07
1.014011957067850744e-06
1.799097290700046869e-06
2.826866307259479072e-06
4.099661566669965396e-06
5.595366502575416234e-06
7.256833413293861668e-06
8.986728261106691207e-06
