3.541353915181844059e-05
3.481328727161780989e-05
3.305313539669896272e-05
3.025205444373568753e-05
2.659906402868728037e-05
2.234016787383552582e-05
1.776174966039434366e-05
1.317179194870732317e-05
8.880380320874792233e-06
5.181188754477261682e-06
2.334940120363171445e-06
5.561570475265398272e-07
3.646391633083112538e-09
7.751829969038226409e-07
2.906190943008368777e-06
6.372202705051677185e-06
1.109447399016971758e-05
1.694803307827896788e-05
2.377140509679520619e-05
3.137720258905574156e-05
3.956293436147007014e-05
4.812124950603902107e-05
5.684936689931419096e-05
6.555698868737636076e-05
7.407275630555432144e-05
8.224884564356216288e-05
8.996388380921871430e-05
9.712409924134135508e-05
1.036629512043418799e-04
1.095392953942564418e-04
1.147344960799046021e-04
1.192485314760460824e-04
1.230956209496980591e-04
1.262994207564815952e-04
1.288881905878724865e-04
1.308901561003494862e-04
1.323293055719432232e-04
1.332217684790748535e-04
1.335730011220448432e-04
1.333758227559656007e-04
1.326094875366834458e-04
1.312397602362125326e-04
1.292200799554166224e-04
1.264938890557232298e-04
1.229981106547484160e-04
1.186680423046482247e-04
1.134439135626053030e-04
1.072794272118926528e-04
1.001527166550886250e-04
9.207973540981129190e-05
8.312984606106965657e-05
7.344164743017245200e-05
6.323571952293605136e-05
5.281899913711640693e-05
4.257395451645606954e-05
3.292705392254902108e-05
2.429528653635770752e-05
1.701774307605319336e-05
1.128950943041218125e-05
7.121100139784175553e-06
4.344341192563661025e-06
2.669161403900943696e-06
1.772940407818168751e-06
1.384419292094207776e-06
1.324448390960242250e-06
1.488106676106326631e-06
1.787774451145196508e-06
2.100802106497212662e-06
2.263021855242186575e-06
2.120635343771937187e-06
1.616871728060687019e-06
8.680570431351952720e-07
1.880575979384957463e-07
4.465613301363191567e-08
9.611852362922945758e-07
3.395863870991888689e-06
7.635228811864180898e-06
1.372808594624075340e-05
2.147081157488628378e-05
3.043982722772398120e-05
4.005784833793768485e-05
4.967652174059367098e-05
5.865904418556056044e-05
6.645032374308357248e-05
7.262697502596893173e-05
7.692421934279991547e-05
7.924081704402397008e-05
7.962577664955006185e-05
7.825209999623439217e-05
7.538330351053446066e-05
7.133793369007435103e-05
6.645625428802759416e-05
6.107195066817894258e-05
5.549048739794670837e-05
4.997475042500809650e-05
4.473729897824796353e-05
3.993860499917900597e-05
3.569001286507500481e-05
3.205999318822705391e-05
2.908264498557855404e-05
2.676702068526992662e-05
2.510625125751175801e-05
2.408543926435413596e-05
2.368702116939402913e-05
2.389309962325114611e-05
2.468373804731527343e-05
2.603109884091736603e-05
2.788985324286841205e-05
3.018497426410249318e-05
3.279920466070507246e-05
3.556320356778996938e-05
3.825183993910741265e-05
4.059017547319854202e-05
4.227151866587064433e-05
4.298778192435293022e-05
4.247020548575619614e-05
4.053501196210618218e-05
3.712674100597723736e-05
3.235101640086668340e-05
2.648953092432293488e-05
1.999262653384903388e-05
1.344893999544183316e-05
7.535484201071085408e-06
2.954755586870305706e-06
3.674189485991519177e-07
3.291591212928324239e-07
3.238999937593689538e-06
9.304276375132758403e-06
1.852449005923517689e-05
3.069382115938878997e-05
4.541996854356966651e-05
6.215554796540345706e-05
8.023774398679961450e-05
9.893198601673702797e-05
1.174758827033883790e-04
1.351204903983216354e-04
1.511669768632373234e-04
1.649975071558174022e-04
1.760997798641028567e-04
1.840851711136792801e-04
1.887007644967297892e-04
1.898353727796120438e-04
1.875199137373328995e-04
1.819224069805613908e-04
1.733375371344436644e-04
1.621709857033692970e-04
1.489189008623270638e-04
1.341427911683013008e-04
1.184406488476952291e-04
1.024156618001370589e-04
8.664386331247442286e-05
7.164306816775933839e-05
5.784515245466081979e-05
4.557449406661362445e-05
3.503456855469266884e-05
2.630481526466610376e-05
1.934843440665190428e-05
1.403111826903113979e-05
1.014889475925428997e-05
7.462268641234004463e-06
5.732455051088436448e-06
4.755228118824561534e-06
4.387811628703275346e-06
4.565343886042683152e-06
5.305042634518031264e-06
6.698472958532875055e-06
8.894889049315679586e-06
1.208024418986042292e-05
1.645824214335789293e-05
2.223892343522493320e-05
2.963938220545969671e-05
3.889760866115921090e-05
5.029691793367874197e-05
6.419498386378563737e-05
8.104761032257101760e-05
1.014162002093144110e-04
1.259470708703247510e-04
1.553125047593084673e-04
1.901085156532644760e-04
2.307126960943151062e-04
2.771190951449398199e-04
3.287795854589603550e-04
3.844923436560065966e-04
4.423761553482563613e-04
4.999563012262342454e-04
5.543627679429619093e-04
6.026132298160291612e-04
6.419313469052667642e-04
6.700431517998595154e-04
6.854013656720781000e-04
6.873065201489225728e-04
6.759176410042755379e-04
6.521659657749978578e-04
6.175990861265745480e-04
5.741884811243380682e-04
5.241313280635040428e-04
4.696709002303123270e-04
4.129511013104547601e-04
3.559124229042254228e-04
3.002289961102633242e-04
2.472823499743981301e-04
1.981633144367833665e-04
1.536936538713007394e-04
1.144583667525012061e-04
8.084166951505267207e-05
5.306133672888790898e-05
3.119846722654529003e-05
1.522202026649210893e-05
5.008672147255310847e-06
3.598529332293765037e-07
1.017568294514603622e-06
6.680475337361713173e-06
1.702060133368377137e-05
3.170069197722114041e-05
5.039102127568639844e-05
7.278476984140525019e-05
9.861064032179456262e-05
1.276420205869044366e-04
1.597018474370770491e-04
1.946633446436862869e-04
2.324465506120532154e-04
2.730113514530785324e-04
3.163470303775284265e-04
3.624591878264027400e-04
4.113543111401440910e-04
4.630223273949241047e-04
5.174176286857345985e-04
5.744387125616867706e-04
6.339071818359798272e-04
6.955465355247270054e-04
7.589617725187736141e-04
8.236210746161987117e-04
8.888413623679980446e-04
9.537789468367918744e-04
1.017427693341232953e-03
1.078626407888805261e-03
1.136077217793740601e-03
1.188375658699669657e-03
1.234053430778203619e-03
1.271633169636743332e-03
1.299692613812908348e-03
1.316936464363038795e-03
1.322270299610295297e-03
1.314873149752315840e-03
1.294261072573021920e-03
1.260337713077319677e-03
1.213425966895442798e-03
1.154277661299829560e-03
1.084059611144994051e-03
1.004315827913160319e-03
9.169092782315146906e-04
8.239463457755391573e-04
7.276892708034665702e-04
6.304623563124778229e-04
5.345583237783557706e-04
4.421502179781100494e-04
3.552154122417050530e-04
2.754756811214065237e-04
2.043573489203254212e-04
1.429716972722872015e-04
9.211492142924271320e-05
5.228378704202896188e-05
2.370327551659556775e-05
6.360470351296498848e-06
4.018488652945961803e-08
4.357747812377965602e-06
1.878543793054632260e-05
4.266991768986372335e-05
7.523903146022803412e-05
1.155973325097647830e-04
1.627107882029577013e-04
2.153828780535604892e-04
2.722254127434098336e-04
3.316302405238502615e-04
3.917496947991594425e-04
4.504959539843866878e-04
5.055707134999920527e-04
5.545357401643968842e-04
5.949316119995273766e-04
6.244451826233898828e-04
6.411160252781655799e-04
6.435608556927263635e-04
6.311834233088120527e-04
6.043309338537028452e-04
5.643581498588901013e-04
5.135710452890407396e-04
4.550406147103558396e-04
3.923024281107245770e-04
3.289836428166381666e-04
2.684169176774275911e-04
2.133078734942728261e-04
1.655128124866678263e-04
1.259601501857332551e-04
9.471830493623656366e-05
7.118142200113197759e-05
5.432361200519153499e-05
4.296427529482116370e-05
3.599439391166470159e-05
3.253069210984449455e-05
3.198588491670761869e-05
