1.963310097607973148e-05
1.942134478838397627e-05
1.879803986071237887e-05
1.779812231461619376e-05
1.647666420012683375e-05
1.490446126695132989e-05
1.316253019467694685e-05
1.133593661961640464e-05
9.507590903012896888e-06
7.752603622179776721e-06
6.133599171675996331e-06
4.697362641081781476e-06
3.473096597872427083e-06
2.472314179158274783e-06
1.690254478603492316e-06
1.108612636357975134e-06
6.993140431177380378e-07
4.288569215304960380e-07
2.628672746141091920e-07
1.704109422462352086e-07
1.276292920238120132e-07
1.204857227321554092e-07
1.462442469346569851e-07
2.135508907485927921e-07
3.411199998026859248e-07
5.550531625431176508e-07
8.849166164281996316e-07
1.359030804337635345e-06
1.999211988845672749e-06
2.815545826706511434e-06
3.801847427098437038e-06
4.932247037459092098e-06
6.159473940670068259e-06
7.415522006226638041e-06
8.614761199510212464e-06
9.659853290600040054e-06
1.045012653833055083e-05
1.089216263494563464e-05
1.091161253441441659e-05
1.046529898474091169e-05
9.551992818046528555e-06
8.220557006666240341e-06
6.573453134706142009e-06
4.764253091593673162e-06
2.987845306279268698e-06
1.462691443521180190e-06
4.055985840523135266e-07
6.665743512712651864e-10
3.659487646245906944e-07
1.522906785567101906e-06
3.375824761064905033e-06
5.708254633418619051e-06
8.202981035765333218e-06
1.048766513633836439e-05
1.220157602688232146e-05
1.307051115873036906e-05
1.296997147903766745e-05
1.195549381804994482e-05
1.024633392887608352e-05
8.164185288705994026e-06
6.046345973231836979e-06
4.163677289170664153e-06
2.671040888913012168e-06
1.602521265908762871e-06
9.035667574153194437e-07
4.785652691907671397e-07
2.319003442607936449e-07
9.159585090401378693e-08
1.746168720728746848e-08
2.934100962193042506e-09
7.727120987510716077e-08
3.084982722612039652e-07
8.015777552827785257e-07
1.686943136292029521e-06
3.098818467606179183e-06
5.147928604287699272e-06
7.895940370872267522e-06
1.133805704967016936e-05
1.539705128550394875e-05
1.992894065949712967e-05
2.473797309221481555e-05
2.959729377494113578e-05
3.427178185688717349e-05
3.853975357515082578e-05
4.221121227487856231e-05
4.514101010499871336e-05
4.723624138591731025e-05
4.845781158735462668e-05
4.881697437042475940e-05
4.836796634322126920e-05
4.719810146980307763e-05
4.541689551729177765e-05
4.314545903127964266e-05
4.050707522651464387e-05
3.761975766281011602e-05
3.459089349178157136e-05
3.151398000511562714e-05
2.846716373028357339e-05
2.551324995181403210e-05
2.270059592035522655e-05
2.006469712512171100e-05
1.762989519704660779e-05
1.541112531810995279e-05
1.341549661049157294e-05
1.164368194395137834e-05
1.009097056225982669e-05
8.748268939484660223e-06
7.602852008403715445e-06
6.639097975380536809e-06
5.839104218807733560e-06
5.183191888136207126e-06
4.650358448543556733e-06
4.218501246100458957e-06
3.864471707970551506e-06
3.564240273590257857e-06
3.293042226459874655e-06
3.026207508582956507e-06
2.740715601134979806e-06
2.417757556827382359e-06
2.046275852762846625e-06
1.627012750304857036e-06
1.176253221046863473e-06
7.284159408982304740e-07
3.365465346405471792e-07
6.987221468079951592e-08
8.452545330328575801e-09
2.350443111254207906e-07
8.251626724131710944e-07
1.836563171764282743e-06
3.299604216522311617e-06
5.209803148886749113e-06
7.523773376760800602e-06
1.015918654445613356e-05
1.299872430138293566e-05
1.589791263256756793e-05
1.869575426383107697e-05
2.122731174836189894e-05
2.333696124878770206e-05
2.489100768343632808e-05
2.578890703830438724e-05
2.597166573536924261e-05
2.542727132492927922e-05
2.419229447525594878e-05
2.234956549784783419e-05
2.002206409201789938e-05
1.736307157784722222e-05
1.454338975293012481e-05
1.173633260975748271e-05
9.101795185983974079e-06
6.771095968360896222e-06
4.834444908397017571e-06
3.333627589086063381e-06
2.262279068077077682e-06
1.576265532321485807e-06
1.216183250107860658e-06
1.142743144555424806e-06
1.384044963970154640e-06
2.091377112378722813e-06
3.597160684876143932e-06
6.465739872396625287e-06
1.152555363148621836e-05
1.986979393109322700e-05
3.281399199295265134e-05
5.180246958502721100e-05
7.826169859015408292e-05
1.134081095841565912e-04
1.580279930379901998e-04
2.122574904177554345e-04
2.753988759991443658e-04
3.458113771159787575e-04
4.209099333536414633e-04
4.972910856793077983e-04
5.709832697959882353e-04
6.377932727730240003e-04
6.936983432694887597e-04
7.352215681066809339e-04
7.597328878148346121e-04
7.656385499785756110e-04
7.524519108841332127e-04
7.207664298789495660e-04
6.721674232466057219e-04
6.091162107821901373e-04
5.348235691826630500e-04
4.531064703883203038e-04
3.682070607027299047e-04
2.845533734614491550e-04
2.064569953006412106e-04
1.377691600765729163e-04
8.154061434595405444e-05
3.974224738101383991e-05
1.309866892995614762e-05
1.066816977868256799e-06
1.963405949823027186e-06
1.321783993546432612e-05
3.170724673395852733e-05
5.412132010462755716e-05
7.730653814519428124e-05
9.854917649931849155e-05
1.157712969046542639e-04
1.276296924288544687e-04
1.335216580713449730e-04
1.335128096258131336e-04
1.282088383049995173e-04
1.185956636930995955e-04
1.058717002422326914e-04
9.129174011945906386e-05
7.603722501414722501e-05
6.112080032494304760e-05
4.732838046095366735e-05
3.519646806182663568e-05
2.501937275667387439e-05
1.687880738643343648e-05
1.068735879528048827e-05
6.237914760731655406e-06
3.252029728173511103e-06
1.422605961920453410e-06
4.476645756312791491e-07
5.433901151263853535e-08
1.357757639652845683e-08
1.466252825821356964e-07
3.254682923170548747e-07
4.688011614462084253e-07
5.353217460424275487e-07
5.156555147323160782e-07
4.238975890302754124e-07
2.893608268550451612e-07
1.490819840910262428e-07
4.129526587348664179e-08
6.068034963391255587e-12
5.099077782233507605e-08
2.090607722493587062e-07
4.768768349094898440e-07
8.451711437373887748e-07
1.294272934160289878e-06
1.796808206222522131e-06
2.321005979410983855e-06
2.834442355492683419e-06
3.307484092829326983e-06
3.716105211992726254e-06
4.043803187414596323e-06
4.282239046915492509e-06
4.430873659089229477e-06
4.495588825648155762e-06
4.486797024583211169e-06
4.417271497914043721e-06
4.300072205865035357e-06
4.146955475903268962e-06
3.967215974398641265e-06
3.767133819110313198e-06
3.549971992811151722e-06
3.316401858910467126e-06
3.065249416067672428e-06
2.794512397485959809e-06
2.502456027286825702e-06
2.188891500054523931e-06
1.856294929325486009e-06
1.510860343501008174e-06
1.163068517939791491e-06
8.278003633677144535e-07
5.237113782641245052e-07
2.717172549182578223e-07
9.294859637520858087e-08
6.042910172254778445e-09
2.431688983506319346e-08
1.531336550897322013e-07
3.878445795635343529e-07
7.127287346975208493e-07
1.101108836110142875e-06
1.516807472512482491e-06
1.916972991011789418e-06
2.256095797292800853e-06
2.491016843464421981e-06
2.586482821698155021e-06
2.520859609944636759e-06
2.291131963261250348e-06
1.916614465358179586e-06
1.440363590177184960e-06
9.274281751459056977e-07
4.591657329910958651e-07
1.232975677112335688e-07
3.498712430882733315e-11
1.454859699379085214e-07
5.746348250568189542e-07
1.247417529270933301e-06
2.062018396031817247e-06
2.859994538084720261e-06
3.447199006245682540e-06
3.633167835914719035e-06
3.288527224754034251e-06
2.416243319203204010e-06
1.227681082127674017e-06
2.095531357326763100e-07
1.652647085848002462e-07
2.213636165038224135e-06
7.732753275035975093e-06
1.824506503567135951e-05
3.525104679624746495e-05
6.003119173669801967e-05
9.344508491437863995e-05
1.357604115099775299e-04
