1.370715001485223183e-04
1.372417017648785986e-04
1.377436492902006648e-04
1.385514897123130140e-04
1.396223997147671980e-04
1.408971390191027240e-04
1.423008044554308071e-04
1.437441956113616470e-04
1.451256433284697778e-04
1.463334083240397376e-04
1.472489296077128529e-04
1.477504736868695545e-04
1.477175119219964472e-04
1.470353858081807630e-04
1.456002173370052333e-04
1.433236801631210255e-04
1.401374291845058906e-04
1.359969257634929818e-04
1.308841832496909774e-04
1.248095134513960147e-04
1.178117634026421001e-04
1.099572613156851730e-04
1.013373367868553032e-04
9.206490526025845611e-05
8.227028749274722941e-05
7.209737727009724040e-05
6.170097415747477498e-05
5.124698679992434336e-05
4.091746325229905779e-05
3.092333072629571689e-05
2.152849465630879422e-05
1.309052801445886871e-05
6.124668914253561525e-06
1.400538252482874668e-06
8.373352500257169595e-08
3.937863112923878361e-06
1.560601197070354829e-05
3.899344559954442957e-05
7.977399826586406562e-05
1.460403640436425121e-04
2.491105979061103426e-04
4.044876727959945129e-04
6.329453492384118363e-04
9.616783606105627769e-04
1.425411031661383277e-03
2.067305856940038211e-03
2.939458396241434457e-03
4.102715123309508272e-03
5.625518390672823443e-03
7.581483178583425797e-03
1.004546281258456020e-02
1.308798232462038413e-02
1.676812329627352938e-02
2.112523193854087822e-02
2.617017195815662944e-02
3.187720425992779383e-02
3.817786092842823109e-02
4.495828318778194443e-02
5.206129949014837166e-02
5.929396151130106318e-02
6.644034899866824162e-02
7.327834829936819006e-02
7.959807907283789064e-02
8.521903339826053525e-02
9.000308354522701393e-02
9.386138252178000130e-02
9.675460920739453741e-02
9.868753610993508119e-02
9.970001162501773706e-02
9.985681319064099171e-02
9.923842991209141928e-02
9.793395174607155695e-02
9.603627941275760804e-02
9.363916753413548122e-02
9.083531958398793904e-02
8.771483017390835357e-02
8.436355694638564273e-02
8.086132587111194425e-02
7.728010652766670319e-02
7.368239281957755793e-02
7.012000548752439499e-02
6.663344664471537726e-02
6.325183417121138518e-02
5.999335964152407996e-02
5.686616521337839458e-02
5.386951918737281630e-02
5.099518148207948798e-02
4.822887428078104222e-02
4.555180151663762445e-02
4.294218582376174709e-02
4.037680912610142059e-02
3.783255102176497076e-02
3.528791960030730479e-02
3.272456228327769168e-02
3.012873434620644275e-02
2.749269005529697552e-02
2.481594692504529576e-02
2.210635525663917633e-02
1.938088020715156290e-02
1.666597254325097310e-02
1.399737504381448616e-02
1.141919962059034788e-02
8.982138094808078677e-03
6.740755841704526574e-03
4.749964530390116124e-03
3.060953369597996243e-03
1.717030891128956682e-03
7.499291126009666186e-04
1.771050080918712410e-04
4.271308142733687419e-07
2.063919129255964435e-04
7.677417737568248413e-04
1.646130546234303438e-03
2.795356202994980777e-03
4.164673477575320248e-03
5.701788495613868690e-03
7.355281053349926879e-03
9.076350506191488421e-03
1.081990466032323184e-02
1.254509143244320057e-02
1.421540978506641295e-02
1.579854048677020728e-02
1.726602005165034370e-02
1.859285591608283994e-02
1.975715431500191244e-02
2.073980956701859668e-02
2.152428549668172764e-02
2.209650668167739695e-02
2.244486767742159827e-02
2.256036150285467556e-02
2.243682322757933889e-02
2.207127939169595265e-02
2.146438851407594939e-02
2.062095240644623573e-02
1.955047111911767388e-02
1.826770824673928928e-02
1.679322610178246578e-02
1.515384486091875260e-02
1.338297600133842025e-02
1.152077825307173953e-02
9.614087675487326123e-03
7.716080763373156515e-03
5.885644386907529224e-03
4.186448532095710107e-03
2.685746362075747129e-03
1.452959945197562774e-03
5.581431576757722723e-04
7.044102359543558123e-05
5.667932445874157565e-05
5.802137785764216460e-04
1.700141123279763633e-03
3.470923765107158943e-03
5.942411856665330561e-03
9.160169121344097221e-03
1.316593498032148091e-02
1.799799702862969752e-02
2.369121418730912865e-02
3.027642761058757515e-02
3.777902359699680801e-02
4.621646888629982186e-02
5.559472046577695892e-02
6.590351810314132308e-02
7.711070059708902136e-02
8.915584805055232209e-02
1.019437435589338747e-01
1.153383595001571393e-01
1.291582788360017275e-01
1.431746110323359744e-01
1.571124800505714347e-01
1.706569649454650062e-01
1.834639006586940013e-01
1.951752089367602139e-01
2.054375478628003293e-01
2.139222817959307577e-01
2.203443794475390405e-01
2.244780637110324051e-01
2.261678665662287813e-01
2.253349060155471761e-01
2.219792175374522003e-01
2.161793902153874569e-01
2.080903937244187318e-01
1.979395618782149313e-01
1.860197662651756900e-01
1.726784702604362565e-01
1.583019148927178321e-01
1.432949782898162994e-01
1.280586836493426972e-01
1.129682428748566281e-01
9.835453477171540726e-02
8.449110170454332547e-02
7.158750939773028676e-02
5.978872454525685498e-02
4.917934190572736952e-02
3.979112981453170050e-02
3.161238199147931027e-02
2.459781398522409290e-02
1.867808084047339889e-02
1.376832444198328176e-02
9.775434487579559573e-03
6.603913756052293138e-03
4.160378789720198256e-03
2.356813394044365850e-03
1.112735768415973325e-03
3.564519231673557442e-04
2.555899661160765390e-05
6.683791050932086364e-05
4.356448773989995971e-04
1.094878786503272750e-03
2.013574343777690956e-03
3.165153350323635095e-03
4.525368319789890847e-03
6.069999461900010829e-03
7.772426178988212087e-03
9.601284696742595770e-03
1.151853075012354566e-02
1.347831372152086260e-02
1.542708365542466709e-02
1.730523714671505786e-02
1.905033946749767892e-02
2.060157608838153465e-02
2.190470910322517284e-02
2.291659717013772024e-02
2.360839856277152649e-02
2.396691464184641518e-02
2.399401498307440761e-02
2.370452927515032115e-02
2.312324486399575107e-02
2.228167297418792714e-02
2.121509604178584141e-02
1.996018891647111104e-02
1.855330544867683784e-02
1.702938791234487326e-02
1.542139320503110866e-02
1.376012095616374609e-02
1.207434766948267679e-02
1.039119969658486298e-02
8.736724354363900602e-03
7.136637619609587091e-03
5.617235625493322004e-03
4.206455035998146741e-03
2.935052383733705028e-03
1.837841553083308099e-03
9.548793836131608259e-04
3.324180926682629433e-04
2.335403448228134948e-05
8.680420378937014902e-05
5.863625201385502805e-04
1.586575580660110063e-03
3.147298247640151203e-03
5.315915718568930970e-03
8.117986130997678629e-03
1.154760953784261801e-02
1.555956861088247933e-02
2.006567941428727408e-02
2.493748081799651573e-02
3.001620619996003825e-02
3.512913098330727735e-02
4.010948583427875747e-02
4.481593871066991142e-02
4.914770533801515739e-02
5.305263058505715890e-02
5.652754578402152674e-02
5.961207920486799594e-02
6.237826878638941253e-02
6.491858768566771687e-02
6.733451671176737818e-02
6.972695781217908007e-02
7.218893855400665416e-02
7.480043307774053574e-02
7.762478744402301345e-02
8.070614976743684110e-02
8.406738990865392225e-02
8.770817087672355683e-02
9.160304744249003761e-02
9.569967977411408810e-02
9.991743739671221647e-02
1.041468183988882856e-01
1.082502031703853618e-01
1.120644894827336202e-01
1.154061054758415139e-01
1.180787592074636905e-01
1.198840606580802159e-01
1.206348378991179970e-01
1.201705608772414280e-01
1.183737687095742785e-01
1.151857781720764251e-01
1.106193202278973331e-01
1.047653379115729422e-01
9.779136539182786692e-02
8.993005677949383880e-02
8.145856345561242051e-02
7.267198135465946507e-02
6.385592661821704041e-02
5.526349230405003254e-02
4.710022985968009834e-02
3.951818477811741559e-02
3.261760346556741297e-02
2.645359097185462360e-02
2.104487887105221944e-02
1.638255237929797659e-02
