4.202164708289046757e-04
4.218820307784199031e-04
4.268588672715623034e-04
4.350866934288433185e-04
4.464626575497732119e-04
4.608383940052362959e-04
4.780170069977884850e-04
4.977510015606867455e-04
5.197417810478555111e-04
5.436417789184133653e-04
5.690593336566962535e-04
5.955668080019904664e-04
6.227116090116169289e-04
6.500297902363172398e-04
6.770616896574210841e-04
7.033688595043940950e-04
7.285514474801857432e-04
7.522653214522279086e-04
7.742382438067352268e-04
7.942843867283500003e-04
8.123167661011621021e-04
8.283571216622931388e-04
8.425431742011824099e-04
8.551330756887409734e-04
8.665072053588573908e-04
8.771676254468729894e-04
8.877356706022965227e-04
8.989482332992793090e-04
9.116534695579048275e-04
9.268067459942130881e-04
9.454673421203096950e-04
9.687963412119415807e-04
9.980555992399331444e-04
1.034606858283382280e-03
1.079909445536486601e-03
1.135513519614050892e-03
1.203045116625389710e-03
1.284177674733655294e-03
1.380584386382111006e-03
1.493865154287732366e-03
1.625442069396854095e-03
1.776419255833161515e-03
1.947404747099312772e-03
2.138296240275394666e-03
2.348038150955744641e-03
2.574363968506077072e-03
2.813547050152465090e-03
3.060191954958213501e-03
3.307108115507162438e-03
3.545313252132586967e-03
3.764214670709975508e-03
3.952006750765235665e-03
4.096301056293327747e-03
4.184971131550696555e-03
4.207153368028571094e-03
4.154307261657663730e-03
4.021215552256762749e-03
3.806808750269397024e-03
3.514729122301218922e-03
3.153597656805118277e-03
2.736988020402009170e-03
2.283115752803155374e-03
1.814199070281574677e-03
1.355357551631186652e-03
9.328508720898298634e-04
5.715190684298931956e-04
2.915383647916769405e-04
1.050147088221820013e-04
1.332182283420024760e-05
6.191792991216971132e-06
6.320794051362099708e-05
1.575964322597656064e-04
2.613856661497493405e-04
3.505088460258320993e-04
4.085020726591892526e-04
4.280289834213135691e-04
4.102335858675587588e-04
3.625417424046872839e-04
2.957992579695201130e-04
2.215553022892891022e-04
1.500106179292970410e-04
8.881909215574523841e-05
4.267480419173352857e-05
1.347881712376874930e-05
8.467879837326108827e-07
2.752582801690550696e-06
1.616422919425986038e-05
3.759049467078057205e-05
6.350519868192350259e-05
9.064782227596879238e-05
1.162167166626204562e-04
1.379771932619178187e-04
1.543071287528618996e-04
1.641990123601999585e-04
1.672325042534339445e-04
1.635270279223277612e-04
1.536793206753372942e-04
1.386879057605483467e-04
1.198643822988287866e-04
9.873046933250861912e-05
7.690059113940606039e-05
5.595178282646884327e-05
3.728635360289445089e-05
2.199691755322419340e-05
1.074850864313248167e-05
3.696064723612835223e-06
4.576717600457413937e-07
1.624583489956421545e-07
1.586191345381848805e-06
3.376947518063388998e-06
4.356662060445160023e-06
3.862979937707677891e-06
2.073992689588521898e-06
2.429888183996808948e-07
7.722570529722361243e-07
7.080766167177898751e-06
2.326712080957804574e-05
5.362346912818338751e-05
1.020960737889708980e-04
1.717991175240740631e-04
2.646677658759699625e-04
3.812945827661451403e-04
5.209479901537861224e-04
6.817365233615646503e-04
8.608650826147368207e-04
1.054928635014107385e-03
1.260198892438779694e-03
1.472874741750729299e-03
1.689281895323802019e-03
1.906019090228028290e-03
2.120055574721391167e-03
2.328788682660842824e-03
2.530070436847609017e-03
2.722211648901406988e-03
2.903968778923626815e-03
3.074516538191574000e-03
3.233406636184099625e-03
3.380511164948529768e-03
3.515949202011370289e-03
3.639995764046943805e-03
3.752975966847316158e-03
3.855150297667364612e-03
3.946601614686073844e-03
4.027137215686593663e-03
4.096221578706149558e-03
4.152955599806773535e-03
4.196117254934961238e-03
4.224271880502783461e-03
4.235944958196569132e-03
4.229822484944634198e-03
4.204914903965573103e-03
4.160607188879339446e-03
4.096541212277315935e-03
4.012335357501228827e-03
3.907217222518966082e-03
3.779693679220486047e-03
3.627389010091519594e-03
3.447151703696249569e-03
3.235478939075164817e-03
2.989248943308098205e-03
2.706691448025821956e-03
2.388473957807946135e-03
2.038749130335304471e-03
1.666003468741905635e-03
1.283570450979709676e-03
9.097104494628638349e-04
5.672036741515285030e-04
2.824402940149184360e-04
8.402112793248761591e-05
9.077576237359608058e-07
6.018848284838895779e-05
2.845629536523119896e-04
6.896927737329860975e-04
1.281612742786819581e-03
2.054436249920854607e-03
2.988611929481521656e-03
4.049990858746355116e-03
5.189950236712093101e-03
6.346797720311769808e-03
7.448653890065770611e-03
8.417964177453995944e-03
9.177684064809454867e-03
9.658955879075392659e-03
9.809704737222091353e-03
9.603050248955469215e-03
9.043899782469111415e-03
8.171828178376472351e-03
7.058661862373583062e-03
5.800234224892619750e-03
4.503375684265620293e-03
3.270773069644405950e-03
2.187147178361215083e-03
1.309805483870718490e-03
6.651785832190171277e-04
2.511179611133229628e-04
4.329324761442876479e-05
3.423670520419364038e-06
8.729120325767780741e-05
2.511818391894848901e-04
4.561993223006766129e-04
6.705244370834861911e-04
8.700512938162319188e-04
1.037947870841549047e-03
1.163642884037585645e-03
1.241622150800480995e-03
1.270283606558564315e-03
1.250985761615197589e-03
1.187340106227452452e-03
1.084744061714104646e-03
9.501213856140111602e-04
7.918231289636423753e-04
6.196381132497208455e-04
4.448604108944209656e-04
2.803599783476329321e-04
1.405984462650167188e-04
4.152446705063539412e-05
2.724451206859157537e-07
3.457571713738616381e-05
1.617957041446516087e-04
3.974687319612257852e-04
7.532975790525142656e-04
1.234583053147275677e-03
1.837223354897332683e-03
2.544616913411346104e-03
3.325076110016311759e-03
4.130638495226435225e-03
4.898333180463509962e-03
5.554853517764968274e-03
6.025035151893121110e-03
6.243488711035638516e-03
6.167394358215005923e-03
5.787346254962244529e-03
5.132904992208864314e-03
4.270594324466969738e-03
3.294251539031733955e-03
2.310033282086010331e-03
1.419926413191774373e-03
7.077035493381345077e-04
2.300319245449600203e-04
1.358677462803825620e-05
5.732864349283772754e-05
3.381023842621289077e-04
8.175256765241556423e-04
1.448550765786649208e-03
2.180756956605023333e-03
2.964061368587067591e-03
3.750966774688890837e-03
4.497678662261250793e-03
5.164482674672399298e-03
5.715751515438682873e-03
6.119906372546779494e-03
6.349618601646511706e-03
6.382512354079494798e-03
6.202608313202517820e-03
5.802717984693117614e-03
5.187931027109016213e-03
4.380202812072298002e-03
3.423808823924900935e-03
2.391053615667715349e-03
1.387100839039590028e-03
5.521838871231921075e-04
5.893351882946262776e-05
1.024193641541160105e-04
8.811375351598371708e-04
2.568893019784468379e-03
5.280273061359253006e-03
9.035551309082734406e-03
1.373323673928439348e-02
1.913884665972886978e-02
2.489615931237665336e-02
3.056247644980203404e-02
3.566347883472076319e-02
3.975779917527688667e-02
4.249824979849847750e-02
4.367703378504472767e-02
4.324638761003996024e-02
4.131258988293495804e-02
3.810774402651873061e-02
3.394799080177790529e-02
2.918786345337309740e-02
2.417884157799221612e-02
1.923711738875510946e-02
1.462248785315978239e-02
1.052794351926422678e-02
7.078159016927543234e-03
4.334543082080699605e-03
2.304493605564061909e-03
9.527766176233853912e-04
2.133510503341540243e-04
4.048134201184439007e-07
2.178089027466967309e-04
7.665988661784695068e-04
1.550430423989723749e-03
2.479204091741848970e-03
3.471204787771853262e-03
4.454164483718159318e-03
5.365648002978673503e-03
6.153109153302693812e-03
6.773887624547114683e-03
7.195331837820617693e-03
