6.513420931923974422e-04
6.508633307760192110e-04
6.494493483302221648e-04
6.471657719231416195e-04
6.441177253719843065e-04
6.404438261142786359e-04
6.363084349914061022e-04
6.318926319011097803e-04
6.273847256608178213e-04
6.229708821621215975e-04
6.188262174333658550e-04
6.151073178273236408e-04
6.119462689042620696e-04
6.094465817341188085e-04
6.076812235704665000e-04
6.066928655741321563e-04
6.064961875580365813e-04
6.070823470309960612e-04
6.084252052431793345e-04
6.104891455294136904e-04
6.132382238348554893e-04
6.166459287442194181e-04
6.207053263977968527e-04
6.254385731523370850e-04
6.309052082826838159e-04
6.372080905094890113e-04
6.444960644245156800e-04
6.529620881678965816e-04
6.628356618278985479e-04
6.743686921595326567e-04
6.878139229655744202e-04
7.033955126161117732e-04
7.212722883451760936e-04
7.414944341519458249e-04
7.639560026149183614e-04
7.883461919249157290e-04
8.141038686488855092e-04
8.403806807564251358e-04
8.660190312639315380e-04
8.895515731666137071e-04
9.092284777949544150e-04
9.230777181130633835e-04
9.290009094371498577e-04
9.249042208949731503e-04
9.088588428340926839e-04
8.792803370454294054e-04
8.351112945490513084e-04
7.759873295043462349e-04
7.023649352646543775e-04
6.155912107317362825e-04
5.179012102729529943e-04
4.123376550921875605e-04
3.026000075720958193e-04
1.928417433418871951e-04
8.744634709501042380e-05
9.180298278010923241e-06
9.276001114244536438e-05
1.591956639117597661e-04
2.044952599788985026e-04
2.245458565397484563e-04
2.147348451302377725e-04
1.694460165992950351e-04
8.150350109303872159e-05
5.829902200105152588e-05
2.613742389172557523e-04
5.409606244626274929e-04
9.109354562042426551e-04
1.383692807735315000e-03
1.967202818420332733e-03
2.661698517144373000e-03
3.456740749214759489e-03
4.329545595936679092e-03
5.245304642372161652e-03
6.159784822600045118e-03
7.023894259802432316e-03
7.789363848715424865e-03
8.414411479307659647e-03
8.868310300101711618e-03
9.134113986249303707e-03
9.209267516922636787e-03
9.104290086938249260e-03
8.840049337976552124e-03
8.444295993101036402e-03
7.948108678021981177e-03
7.382754976873684427e-03
6.777275323599951662e-03
6.156897415237949645e-03
5.542233022140408139e-03
4.949112364059260472e-03
4.388872290761014483e-03
3.868918430782741780e-03
3.393411951051916731e-03
2.963971652832242398e-03
2.580321586748368645e-03
2.240847396379308520e-03
1.943048129476210306e-03
1.683886268622813986e-03
1.460046652312030346e-03
1.268120107042136624e-03
1.104726974617165070e-03
9.665963029021895636e-04
8.506134197432402289e-04
7.538477002384524894e-04
6.735699491144941931e-04
6.072673720325383329e-04
5.526624811977853824e-04
5.077408017513107552e-04
4.707903460143825214e-04
4.404537519349105423e-04
4.157907449666708999e-04
3.963452516586585261e-04
3.822067157557285100e-04
3.740511883592034792e-04
3.731436142402344558e-04
3.812816246124839381e-04
4.006634798656705243e-04
4.336715430639515034e-04
4.825767940417335922e-04
5.491895578728644978e-04
6.345003281467143097e-04
7.383680270152126468e-04
8.593137508086101661e-04
9.944647219555236006e-04
1.139667695582602391e-03
1.289761356446206264e-03
1.438970157053631738e-03
1.581364625693026937e-03
1.711328052607541395e-03
1.823973848445348267e-03
1.915471228727483322e-03
1.983252719440997680e-03
2.026094982397808053e-03
2.044080195489073049e-03
2.038458047223912217e-03
2.011436607403993548e-03
1.965933264457930818e-03
1.905315997674961181e-03
1.833159699572206591e-03
1.753035870322605660e-03
1.668345953632410783e-03
1.582202626707385207e-03
1.497357603767568435e-03
1.416171931140297602e-03
1.340622524239165614e-03
1.272339090604646117e-03
1.212665503871335204e-03
1.162740904973702527e-03
1.123595453094594632e-03
1.096255404306134551e-03
1.081850101215309223e-03
1.081709101953265417e-03
1.097433446730633477e-03
1.130918171540429285e-03
1.184298962357388518e-03
1.259794639523192927e-03
1.359422959183120838e-03
1.484583966416153089e-03
1.635532393933658568e-03
1.810798580521577605e-03
2.006656222960145897e-03
2.216766034166539612e-03
2.432131676172843981e-03
2.641476261729280850e-03
2.832082420482606722e-03
2.991041642275149570e-03
3.106752810111856888e-03
3.170421937085166064e-03
3.177276886717095294e-03
3.127240148131704700e-03
3.024901226680754007e-03
2.878776077380962306e-03
2.699995578453240341e-03
2.500685271868974269e-03
2.292350586529323664e-03
2.084556096988876561e-03
1.884100994374193760e-03
1.694773019991657748e-03
1.517648928142989462e-03
1.351819771912232682e-03
1.195369060525308669e-03
1.046417368669949610e-03
9.040629838494851356e-04
7.690856758131303650e-04
6.443298472902370122e-04
5.347383019653761949e-04
4.470572474986056477e-04
3.892741327007342989e-04
3.698739033239917262e-04
3.970085682851731690e-04
4.776693224073369493e-04
6.169358855316886547e-04
8.173595963114621554e-04
1.078518181529375397e-03
1.396765880457451203e-03
1.765190844622566146e-03
2.173783796166617321e-03
2.609813194411003678e-03
3.058394674368969390e-03
3.503229711625976961e-03
3.927476549719699506e-03
4.314700271862648151e-03
4.649835700476501188e-03
4.920087262490824287e-03
5.115687685773195881e-03
5.230445415833173683e-03
5.262029083894503856e-03
5.211963723894541545e-03
5.085345076594194325e-03
4.890308509075680377e-03
4.637313951192822969e-03
4.338324680418281787e-03
4.005961928669421468e-03
3.652713839358057157e-03
3.290262045155145643e-03
2.928969809701698068e-03
2.577551854713533430e-03
2.242922584173356881e-03
1.930200259664616169e-03
1.642831593230198450e-03
1.382795710554773905e-03
1.150848475006682747e-03
9.467744705347058698e-04
7.696236020962032853e-04
6.179183820052003284e-04
4.898260350785221817e-04
3.832953938740502053e-04
2.961620427726074922e-04
2.262271790698378027e-04
1.713159953737886099e-04
1.293214585871282907e-04
9.823866842850748071e-05
7.619412515680323850e-05
6.147378789478352701e-05
5.255253665836789878e-05
4.812726372449560586e-05
4.715419265721720876e-05
4.889010600095389236e-05
5.293492492342011246e-05
5.927096923130648065e-05
6.829090503401857859e-05
8.080355115680504241e-05
9.800335443799212953e-05
1.213872753567102336e-04
1.526040089032676406e-04
1.932253237413306124e-04
2.444421398735130424e-04
3.067075747367198346e-04
3.793761302830489512e-04
4.604152539400274691e-04
5.462837392542496673e-04
6.320697199555525003e-04
7.119491661313759323e-04
7.799658890661476107e-04
8.310533892057492267e-04
8.621400975812321121e-04
8.731239719708128177e-04
8.674928520377989116e-04
8.524126942575094290e-04
8.382017114456630225e-04
8.372339648445858984e-04
8.624359828530714367e-04
9.256232465020275413e-04
1.035947080737287251e-03
1.198685825158918306e-03
1.414532886471420170e-03
1.679435375237403605e-03
1.984945807848248478e-03
2.318983650070549629e-03
2.666870525857234497e-03
3.012499862265372030e-03
3.339520297373610447e-03
3.632442119965162419e-03
3.877607872723842775e-03
4.063995595160463381e-03
4.183842892032885175e-03
4.233091649680886803e-03
4.211656257638196621e-03
4.123515082724793501e-03
3.976615661088089837e-03
3.782573057904414782e-03
3.556127284795707055e-03
3.314322271123160135e-03
3.075373841227246885e-03
2.857224125392576752e-03
2.675835637475643125e-03
2.543360171330277808e-03
2.466416770559476390e-03
2.444797959284983335e-03
2.470960468059502091e-03
2.530597347259799790e-03
2.604412797111876898e-03
2.670941009270677569e-03
2.709937806201878630e-03
2.705642273227226724e-03
2.649163065811421802e-03
2.539441783568463507e-03
2.382630081811498712e-03
2.190152183899840566e-03
1.976050540463347716e-03
1.754320469160575158e-03
