1.457770081458420464e-03
1.460756966380927224e-03
1.469711746693747045e-03
1.484617017879941159e-03
1.505444684070766925e-03
1.532157322728266990e-03
1.564710350038467368e-03
1.603055021647037393e-03
1.647142334633144856e-03
1.696928180564327704e-03
1.752379454032393369e-03
1.813481536544259143e-03
1.880246823191100702e-03
1.952724195248833894e-03
2.031009593736143870e-03
2.115256993604930358e-03
2.205690021028772208e-03
2.302613549446164143e-03
2.406425231043840540e-03
2.517626560830876770e-03
2.636833105626124052e-03
2.764783665199388452e-03
2.902347902434598836e-03
3.050531982808024622e-03
3.210481705323786628e-03
3.383482289521566599e-03
3.570953851593117179e-03
3.774441086974889004e-03
3.995595269529417237e-03
4.236146034912735558e-03
4.497859498911793708e-03
4.782478521647703928e-03
5.091639835583805507e-03
5.426761906292654203e-03
5.788896710384960897e-03
6.178538375081643608e-03
6.595382794657211889e-03
7.038034103189261259e-03
7.503658830358972409e-03
7.987595779724188105e-03
8.482940461462362691e-03
8.980138580625407485e-03
9.466641657965624290e-03
9.926700533782195635e-03
1.034139396602995475e-02
1.068900632959923769e-02
1.094587028576654575e-02
1.108776752992923775e-02
1.109192074035547648e-02
1.093950516252562011e-02
1.061846176376946005e-02
1.012622711326116587e-02
9.471851281915633081e-03
8.676918175140713174e-03
7.774774382497184888e-03
6.807846737359568579e-03
5.823256463060033639e-03
4.867412444568230967e-03
3.980625958988071034e-03
3.192874620680186126e-03
2.521579341546953401e-03
1.971710589074859854e-03
1.537905003914374902e-03
1.207795011197276835e-03
9.655975578795050751e-04
7.951815332347678122e-04
6.821970655579434606e-04
6.152160322017152794e-04
5.860710774499011677e-04
5.896612657210198449e-04
6.234638266846559418e-04
6.869180319881706964e-04
7.807788761766687458e-04
9.064933066298408448e-04
1.065633617017169854e-03
1.259420830820090487e-03
1.488374882541165789e-03
1.752124714499814218e-03
2.049396722142660110e-03
2.378175363432433187e-03
2.736004468530950362e-03
3.120380670125655342e-03
3.529185865474460115e-03
3.961114039896074246e-03
4.416063343072096359e-03
4.895483018714230639e-03
5.402680436503715100e-03
5.943104603730375857e-03
6.524628440246260652e-03
7.157852235266659591e-03
7.856448094926804515e-03
8.637557378236238037e-03
9.522241878670456572e-03
1.053597089705249346e-02
1.170909618012672126e-02
1.307721851999588125e-02
1.468127732975688104e-02
1.656709612338147508e-02
1.878400951832759347e-02
2.138212399069061576e-02
2.440780834673716981e-02
2.789726521919533297e-02
3.186855205633776222e-02
3.631310919152497263e-02
4.118845481187349833e-02
4.641389627730063694e-02
5.187071655656438907e-02
5.740743797117886515e-02
6.284975050154173459e-02
6.801380055979677763e-02
7.272093508468913114e-02
7.681176205601047968e-02
8.015756471934309957e-02
8.266766421439797341e-02
8.429213965385429219e-02
8.502017742084433394e-02
8.487501733853264341e-02
8.390684666530034974e-02
8.218503076989236433e-02
7.979082979166207679e-02
7.681136387761000606e-02
7.333517915945719778e-02
6.944942224507144601e-02
6.523839481612014879e-02
6.078312572388711033e-02
5.616155255295041115e-02
5.144891509792159923e-02
4.671801772775552308e-02
4.203909806740568911e-02
3.747914739824409480e-02
3.310064855288885610e-02
2.895982975191202513e-02
2.510465013114071553e-02
2.157282496487766821e-02
1.839023086189683909e-02
1.557000241538730734e-02
1.311253285037139449e-02
1.100644417014962073e-02
9.230428276481461580e-03
7.755717140227602613e-03
6.548849488581254263e-03
5.574383402233706875e-03
4.797255838028036123e-03
4.184593015807536176e-03
3.706897248136442613e-03
3.338645038482468408e-03
3.058405729007063201e-03
2.848621147492735872e-03
2.695182355282099707e-03
2.586913023563397473e-03
2.515035096578799312e-03
2.472662870502517762e-03
2.454348334765654727e-03
2.455687114718330122e-03
2.472986009237843064e-03
2.502989767464214310e-03
2.542664997150723138e-03
2.589041226002564144e-03
2.639113206512888610e-03
2.689813197989110449e-03
2.738064363569492343e-03
2.780925783966381459e-03
2.815832036716869879e-03
2.840915781433750453e-03
2.855382829295649572e-03
2.859890126444497582e-03
2.856868021751779452e-03
2.850734195703807927e-03
2.847973319475727294e-03
2.857095554048783015e-03
2.888527131091223055e-03
2.954506802979040003e-03
3.069048174353383729e-03
3.247973870784903738e-03
3.508942711889062593e-03
3.871301708969099309e-03
4.355541374295057722e-03
4.982158225132593543e-03
5.769858289355056513e-03
6.733249949391506561e-03
7.880401391986424642e-03
9.210779956433157167e-03
1.071407185314399158e-02
1.237019665512661959e-02
1.415054708722607302e-02
1.602020798480907615e-02
1.794072631982146504e-02
1.987295809185241069e-02
2.177959192657397125e-02
2.362709265314322238e-02
2.538696519177108257e-02
2.703636721842883617e-02
2.855817972451291098e-02
2.994067796625188294e-02
3.117694419086092239e-02
3.226414301630597947e-02
3.320275136753991774e-02
3.399580847901972902e-02
3.464822640034981305e-02
3.516618485636513469e-02
3.555661980493596275e-02
3.582680654849923485e-02
3.598403189887733333e-02
3.603534679798769957e-02
3.598738817625246611e-02
3.584625932730034492e-02
3.561745770933555377e-02
3.530584056285590577e-02
3.491561959040723195e-02
3.445037813540352545e-02
3.391310540320091604e-02
3.330624446236640779e-02
3.263175242167903889e-02
3.189117347540104674e-02
3.108572705652079549e-02
3.021641603726266112e-02
2.928416109267573120e-02
2.828996818878692920e-02
2.723513543347166888e-02
2.612150148168268515e-02
2.495173102677483712e-02
2.372962159203950705e-02
2.246040291063877703e-02
2.115098610580901095e-02
1.981011165365487159e-02
1.844834407394557729e-02
1.707787545673511431e-02
1.571212495565532663e-02
1.436515735643695280e-02
1.305097916333863850e-02
1.178279731190912116e-02
1.057233456947415107e-02
9.429285463752989926e-03
8.360969417324781716e-03
7.372202344342326796e-03
6.465373372307681166e-03
5.640686953199747222e-03
4.896516069152312411e-03
4.229809665744710401e-03
3.636504233512027895e-03
3.111901303853414902e-03
2.650986430410284811e-03
2.248678110106538952e-03
1.900005524731795958e-03
1.600221931894907357e-03
1.344865679087092758e-03
1.129784242820619511e-03
9.511387698637463473e-04
8.054073516490234397e-04
6.894053910286856990e-04
6.003397863594273076e-04
5.359105203268654805e-04
4.944666350041870828e-04
4.752142221491340024e-04
4.784598398259731766e-04
5.058559201813750406e-04
5.605959217547251683e-04
6.474901830841872652e-04
7.728430526157126224e-04
9.440538544112087038e-04
1.168882905034251962e-03
1.454362860968672067e-03
1.805395161085243672e-03
2.223147049164708733e-03
2.703448036442068769e-03
3.235461850280785256e-03
3.800958413734178976e-03
4.374507186184928287e-03
4.924830439421157280e-03
5.417379606114991475e-03
5.817942424499733534e-03
6.096801246002314656e-03
6.232728827598066346e-03
6.216022733411818990e-03
6.049906918562442115e-03
5.749963456864293221e-03
5.341709185913146030e-03
4.856859044025441108e-03
4.329080609949187419e-03
3.790073020184081543e-03
3.266611236298899712e-03
2.778875454538365375e-03
2.340051025967682108e-03
1.956933255499393454e-03
1.631151566257926788e-03
1.360632371657288786e-03
1.141008623179118331e-03
9.668046401145602431e-04
8.323343867147059427e-04
7.323278988593528993e-04
6.623399917629058109e-04
6.190051827132947437e-04
6.001956538881358938e-04
6.051242937559209167e-04
6.344191766771700713e-04
6.901812699027232156e-04
7.760256458055891926e-04
8.970981003528777364e-04
1.060055711903373776e-03
1.273001712135624075e-03
