2.926920966501711519e-04
2.949712469586529551e-04
3.018753557739728421e-04
3.136053864096766119e-04
3.304994635016100801e-04
3.530374123101864825e-04
3.818464897022977311e-04
4.177076439191296231e-04
4.615616172998215916e-04
5.145138095912216158e-04
5.778366415398750178e-04
6.529679813525035570e-04
7.415040352896085096e-04
8.451845873480579030e-04
9.658687116882447299e-04
1.105498371316571138e-03
1.266047769050260285e-03
1.449455823163248169e-03
1.657539584002165611e-03
1.891886771360873354e-03
2.153726124106469797e-03
2.443775542516846144e-03
2.762069457048710319e-03
3.107768816022371539e-03
3.478959896057176593e-03
3.872451347888272721e-03
4.283582340548264256e-03
4.706058627974130104e-03
5.131837433140162830e-03
5.551084689159324626e-03
5.952230681600667594e-03
6.322150213279087438e-03
6.646490305570296186e-03
6.910163489990850394e-03
7.098013999794261508e-03
7.195651014740178653e-03
7.190425247401321940e-03
7.072504669764612117e-03
6.835983584053906270e-03
6.479937672608571120e-03
6.009320181590283028e-03
5.435582412516737350e-03
4.776899267014300676e-03
4.057890525331231402e-03
3.308752819521032507e-03
2.563760264152392665e-03
1.859152056596258262e-03
1.230504871188031757e-03
7.097796449926363493e-04
3.223263078098170809e-04
8.420712939027907851e-05
2.349164276438386878e-07
6.308911439134590182e-05
2.537546642287225040e-04
5.433289188800927150e-04
8.959966624075832442e-04
1.272746053160744850e-03
1.635261904013418643e-03
1.949436865160691923e-03
2.188083120756800781e-03
2.332650397761426575e-03
2.373969847866419514e-03
2.312177514951940793e-03
2.155999425184518259e-03
1.921532676547599294e-03
1.630589833666817867e-03
1.308640436462837897e-03
9.824143516965477829e-04
6.773267439825758629e-04
4.150077851647893112e-04
2.113104971925849895e-04
7.515763491028337739e-05
8.444111259109376988e-06
6.970491924107591331e-06
6.213892517337171739e-05
1.629922720951526571e-04
2.981690080758880868e-04
4.574581380865083702e-04
6.328067653100788448e-04
8.187885761685720354e-04
1.012644415652630414e-03
1.214046941413471359e-03
1.424733815966305883e-03
1.648119628370636747e-03
1.888954883682458785e-03
2.153063180756475958e-03
2.447159865383241595e-03
2.778738827558413504e-03
3.156004476281282223e-03
3.587822432010057128e-03
4.083660897464369555e-03
4.653494415762793324e-03
5.307640376599920273e-03
6.056497406902394687e-03
6.910152215752418670e-03
7.877820501207111192e-03
8.967087351365421455e-03
1.018291792705383614e-02
1.152642128944592059e-02
1.299337406349820867e-02
1.457254889430714684e-02
1.624395101467257518e-02
1.797714183767595841e-02
1.972991999225826021e-02
2.144772180490406299e-02
2.306417062925447681e-02
2.450321005829891874e-02
2.568315582001901021e-02
2.652275590573083264e-02
2.694895107663342060e-02
2.690552669676549158e-02
2.636136528519728017e-02
2.531672625123349007e-02
2.380607012989344184e-02
2.189648093744267499e-02
1.968162850845089906e-02
1.727219704510218889e-02
1.478447111934144687e-02
1.232907594199161849e-02
1.000165070759351238e-02
7.876614584532148911e-03
6.004400531111286909e-03
4.411827547471602884e-03
3.104819954373283508e-03
2.072510327522536500e-03
1.291832718891328113e-03
7.319270830237201153e-04
3.579354566625170264e-04
1.340051774292305709e-04
2.548728360807217541e-05
4.242837832180157420e-07
3.046911245974115445e-05
9.138519411067136389e-05
1.632606758619203902e-04
2.305421122059669869e-04
2.819609288877700237e-04
3.103960607120370696e-04
3.126880536683529499e-04
2.893973790492054832e-04
2.444800382761513902e-04
1.848410308156189785e-04
1.197199828766315477e-04
5.986837707894210325e-05
1.649605555087418907e-05
8.358824743481818587e-11
1.854186177752126241e-05
7.660475313286951859e-05
1.737343316676742688e-04
3.037172737805349243e-04
4.544700169475390794e-04
6.088590234156754377e-04
7.465496052958542350e-04
8.467872722093261473e-04
8.917928726361878944e-04
8.702586791855537740e-04
7.803293896984087041e-04
6.314792800594659639e-04
4.448552968057128965e-04
2.519069243476224074e-04
9.140830620424367225e-05
5.236380175688282179e-06
3.345946838351210317e-05
2.093904096653886882e-04
5.552598856155555040e-04
1.079072916581935715e-03
1.773036165673147480e-03
2.613712700352266438e-03
3.563810191494098945e-03
4.575286548032408973e-03
5.593305925117419974e-03
6.560525747886458703e-03
7.421244270901183882e-03
8.125066356072352391e-03
8.629909459585860532e-03
8.904326604636025877e-03
8.929223371680450327e-03
8.699072270104579729e-03
8.222675214810237776e-03
7.523422553205705299e-03
6.638883244718840615e-03
5.619489837911828545e-03
4.526095092543869214e-03
3.426297621516027903e-03
2.389647782749193539e-03
1.482102344667168836e-03
7.603261018402918126e-04
2.665674270616591457e-04
2.482234494038948469e-05
3.884534325493405049e-05
2.923043920048939981e-04
7.510703297555210156e-04
1.367333452463981303e-03
2.084995695653901748e-03
2.845624104296007317e-03
3.594190368829686122e-03
4.283879029628678836e-03
4.879421869489419805e-03
5.358684480796682692e-03
5.712535335817392479e-03
5.943299382082045668e-03
6.062275658337057394e-03
6.086854532867391754e-03
6.037712721337129551e-03
5.936431084137439029e-03
5.803720149287983077e-03
5.658292877370740825e-03
5.516318580745860345e-03
5.391334252294655016e-03
5.294472847467091015e-03
5.234879033636730128e-03
5.220208522857205935e-03
5.257135195066098277e-03
5.351816029232736582e-03
5.510282514720188374e-03
5.738740177861245684e-03
6.043764262898321249e-03
6.432382329336405746e-03
6.912034083740081769e-03
7.490396215303007921e-03
8.175058208024665873e-03
8.973033406149966140e-03
9.890091642873244382e-03
1.092990657166126311e-02
1.209302371178466728e-02
1.337567709909137648e-02
1.476851095615927534e-02
1.625529809891190780e-02
1.781178455506449154e-02
1.940482500519635778e-02
2.099200273516999005e-02
2.252194413139818607e-02
2.393553613998733454e-02
2.516822374118987682e-02
2.615348587131904878e-02
2.682744615498222629e-02
2.713435783381612509e-02
2.703243628307916424e-02
2.649925756657012244e-02
2.553579611394241056e-02
2.416822996642054022e-02
2.244694261774782262e-02
2.044265228981601012e-02
1.824017632809216138e-02
1.593081907245164075e-02
1.360460531752494262e-02
1.134350529279970488e-02
9.216455654026844968e-03
7.276511992529322015e-03
5.560027018404412047e-03
4.087447225927576255e-03
2.865193189720116607e-03
1.888105939357842544e-03
1.142044346053694426e-03
6.063509101039699090e-04
2.560259570287826136e-04
6.354652242634983850e-05
3.311995868671147036e-07
3.789066214210379258e-05
1.487217341633595424e-04
3.070078716689295106e-04
4.891844521779376009e-04
6.744171841148727253e-04
8.450271729003588916e-04
9.868766682217255948e-04
1.089706935260892351e-03
1.147393553523556875e-03
1.158060675635397274e-03
1.123978937144443080e-03
1.051171705668707546e-03
9.486792731649984489e-04
8.274859224854935746e-04
6.991964353630919504e-04
5.746393879917377490e-04
4.626452578406770044e-04
3.692627711870954954e-04
2.976128565279623217e-04
2.484385955767720588e-04
2.212271573682755843e-04
2.156118347755864306e-04
2.326645082177947188e-04
2.756946170592300405e-04
3.502817341285435759e-04
4.634572988919671843e-04
6.221694704890978755e-04
8.313544913391979208e-04
1.092048819629098944e-03
1.399976101268407547e-03
1.744934188195657043e-03
2.111123078563537092e-03
2.478349520316669441e-03
2.823876987278595152e-03
3.124598416974322390e-03
3.359201625428909210e-03
3.510058336573251836e-03
3.564662447402611178e-03
3.516544846050351225e-03
3.365676149812202311e-03
3.118427208391949534e-03
2.787187303354698997e-03
2.389744992115083733e-03
