9.108195911267102929e-06
9.937553059558013047e-06
1.264200471950971405e-05
1.787042077694422915e-05
2.670316226272007043e-05
4.065106972461762780e-05
6.165494886545275222e-05
9.208662299897696357e-05
1.347527217063770877e-04
1.929024371776222324e-04
2.702408970378655795e-04
3.709494995973727782e-04
4.997148019185715384e-04
6.617673712412397435e-04
8.629319930832934915e-04
1.109690479509595207e-03
1.409258276254377051e-03
1.769676007171483434e-03
2.199917092397640772e-03
2.710012499107961048e-03
3.311193882737484273e-03
4.016056582258897834e-03
4.838743782173082764e-03
5.795153654730711423e-03
6.903171382617756535e-03
8.182927823710883786e-03
9.657086729930597357e-03
1.135116182051376654e-02
1.329386395374854146e-02
1.551747703483385976e-02
1.805825853182341234e-02
2.095685609359065893e-02
2.425872649229177114e-02
2.801453548548238359e-02
3.228050785038760750e-02
3.711868615025082363e-02
4.259704404162789615e-02
4.878938634332996571e-02
5.577495401550436327e-02
6.363763815799927670e-02
7.246469387266074591e-02
8.234483426261363093e-02
9.336557683158730470e-02
1.056097127834618732e-01
1.191507761343189031e-01
1.340474087869836239e-01
1.503365574228041623e-01
1.680255059925030992e-01
1.870828574394920452e-01
2.074287421482381433e-01
2.289247612553424460e-01
2.513644738046991733e-01
2.744655943718754543e-01
2.978654375677223243e-01
3.211214398788797553e-01
3.437186731456733924e-01
3.650859720639800798e-01
3.846214809177013194e-01
4.017270274301836253e-01
4.158488876114461164e-01
4.265205878553786079e-01
4.334019825299719741e-01
4.363085547483365190e-01
4.352260771418201557e-01
4.303082981414263486e-01
4.218585024197381017e-01
4.102986548661391453e-01
3.961315407138954470e-01
3.799015364049296295e-01
3.621586351981704865e-01
3.434287123132975239e-01
3.241913613619686885e-01
3.048653546384372248e-01
2.858009828319723056e-01
2.672781328825948322e-01
2.495088239634810634e-01
2.326429288931564088e-01
2.167759010903154149e-01
2.019574789929379222e-01
1.882005358177138987e-01
1.754894599654619469e-01
1.637876661243069520e-01
1.530440271266115815e-01
1.431981672661493121e-01
1.341846648211060256e-01
1.259362785602462509e-01
1.183863458075933295e-01
1.114705088876917216e-01
1.051279173306056691e-01
9.930203403035875453e-02
9.394114652845075852e-02
8.899865584307065092e-02
8.443318736242133582e-02
8.020854550782985370e-02
7.629352005120892954e-02
7.266154931278379081e-02
6.929025196433258316e-02
6.616085033589058639e-02
6.325751564037318531e-02
6.056666486205131150e-02
5.807623053360089216e-02
5.577491908820775279e-02
5.365148265859431831e-02
5.169405727016851415e-02
4.988965597972594423e-02
4.822392105953099417e-02
4.668121277418890713e-02
4.524504168536225279e-02
4.389876653894475567e-02
4.262641804270117518e-02
4.141349622011603060e-02
4.024762132112869040e-02
3.911897472679015664e-02
3.802052025446300831e-02
3.694803327071838339e-02
3.589998103115021877e-02
3.487729656546889601e-02
3.388307953910896231e-02
3.292224742638438784e-02
3.200115451427620883e-02
3.112719693453414038e-02
3.030842659222798829e-02
2.955320193647992255e-02
2.886990442023318337e-02
2.826674326691147598e-02
2.775165952650127110e-02
2.733232667972629315e-02
2.701623463705971062e-02
2.681083922664129204e-02
2.672376033018508679e-02
2.676301683058568415e-02
2.693729200491645770e-02
2.725622699682617167e-02
2.773074253398988276e-02
2.837338892994978323e-02
2.919872388063993185e-02
3.022371694846981427e-02
3.146817847779459498e-02
3.295521126946709956e-02
3.471168190334594783e-02
3.676870774678775433e-02
3.916215186623617228e-02
4.193311290859469409e-02
4.512839043914596004e-02
4.880089810311005749e-02
5.300999032277786682e-02
5.782166110246578228e-02
6.330856812942897704e-02
6.954982854571767348e-02
7.663052475574261280e-02
8.464084538064753360e-02
9.367476731240742538e-02
1.038281565678857987e-01
1.151961289829444013e-01
1.278694678167653365e-01
1.419298503194710293e-01
1.574436014186630928e-01
1.744536876938269643e-01
1.929697162879335792e-01
2.129558444788273164e-01
2.343167734833997429e-01
2.568824274062677659e-01
2.803925214466289617e-01
3.044829804828452779e-01
3.286769910548343887e-01
3.523841757864403235e-01
3.749116724733880801e-01
3.954904063860027463e-01
4.133182038973046701e-01
4.276184624671657275e-01
4.377091683513754106e-01
4.430730587063038683e-01
4.434170813214421969e-01
4.387094333298051652e-01
4.291859955803261073e-01
4.153242006481860926e-01
3.977893406565726764e-01
3.773637602733970198e-01
3.548717357947595019e-01
3.311118445746927819e-01
3.068051275991621196e-01
2.825627467600355658e-01
2.588725173052353057e-01
2.361006377535801448e-01
2.145035466112688027e-01
1.942449470122369348e-01
1.754141189374678333e-01
1.580430482667907199e-01
1.421211651721989710e-01
1.276073704857338953e-01
1.144395289074111588e-01
1.025418151894683660e-01
9.183033290553055394e-02
8.221737339044921100e-02
7.361460632917271596e-02
6.593542308165467603e-02
5.909660106291880766e-02
5.301942260868486301e-02
4.763035934783488301e-02
4.286141692686840088e-02
3.865022157684450121e-02
3.493991696993248297e-02
3.167892744151856732e-02
2.882063221379382867e-02
2.632298524025600273e-02
2.414810802265776601e-02
2.226187710381566376e-02
2.063352547006047644e-02
1.923527611528186299e-02
1.804202678667365944e-02
1.703110594822021540e-02
1.618211971657501635e-02
1.547690588664352163e-02
1.489959946715657679e-02
1.443679258699148704e-02
1.407773838664638788e-02
1.381451234389885485e-02
1.364202038634232395e-02
1.355775179195006785e-02
1.356122755849753503e-02
1.365318023391637325e-02
1.383458709292995081e-02
1.410572725754377643e-02
1.446542427396479980e-02
1.491057770753911882e-02
1.543601015752926742e-02
1.603459096543247142e-02
1.669756185552273564e-02
1.741498383128714522e-02
1.817623805668233672e-02
1.897053457322783743e-02
1.978740279857049700e-02
2.061715310401268653e-02
2.145130777930148724e-02
2.228300490891399477e-02
2.310737995821909863e-02
2.392192876546062053e-02
2.472685334005575442e-02
2.552538727927355922e-02
2.632409272762004093e-02
2.713311362720105535e-02
2.796636336901769937e-02
2.884161811648766616e-02
2.978048347928563544e-02
3.080820611982915125e-02
3.195331695526704152e-02
3.324712388453576750e-02
3.472311767609426170e-02
3.641640397680134811e-02
3.836330685987832112e-02
4.060128086082670507e-02
4.316920618114750141e-02
4.610803805066154837e-02
4.946167337121210039e-02
5.327782992749519053e-02
5.760873085117168557e-02
6.251144105607409074e-02
6.804777958726049292e-02
7.428379656981576318e-02
8.128883672523556925e-02
8.913421367390128580e-02
9.789149992664647471e-02
1.076304090215245424e-01
1.184162162158770570e-01
1.303066402963253267e-01
1.433480977589027816e-01
1.575712487158966724e-01
1.729857874712905641e-01
1.895744948931366025e-01
2.072866698123618789e-01
2.260311958717124980e-01
2.456696797222122086e-01
2.660103090326515485e-01
2.868033063051314002e-01
3.077390571254170482e-01
3.284501113217004331e-01
3.485182081406037469e-01
3.674871759264277671e-01
3.848819384522812470e-01
4.002329253614647087e-01
4.131040517670641066e-01
4.231213503965136624e-01
4.299986571928826606e-01
4.335567943672344882e-01
4.337336120265007366e-01
4.305838664666907789e-01
4.242697459894344547e-01
4.150442953669539747e-01
4.032306147015276565e-01
3.891995019581315773e-01
3.733475398020829061e-01
3.560769609808858149e-01
3.377782190140550256e-01
3.188159780184776082e-01
2.995190098111635280e-01
2.801741237070416446e-01
2.610238114277905197e-01
2.422669180365915054e-01
2.240614652605472656e-01
2.065287673794671264e-01
