1.572031809686791348e-03
1.572787378478324172e-03
1.575070831066227584e-03
1.578932508422781211e-03
1.584456393402433605e-03
1.591760146993692615e-03
1.600994822311463395e-03
1.612343979431329899e-03
1.626021980442260428e-03
1.642271201518497037e-03
1.661357775333272002e-03
1.683565864766478626e-03
1.709190194247867112e-03
1.738526645283400285e-03
1.771860957475723808e-03
1.809455396099224345e-03
1.851533219550560716e-03
1.898261120857114292e-03
1.949729474702621701e-03
2.005930713480097438e-03
2.066735986289813809e-03
2.131870683740544337e-03
2.200889701398978104e-03
2.273153476210154622e-03
2.347806521555639847e-03
2.423760398144736428e-03
2.499683415607023562e-03
2.573999987390607203e-03
2.644902380922076190e-03
2.710377792723761559e-03
2.768253243189633395e-03
2.816260203630349679e-03
2.852119378658812821e-03
2.873644955414533797e-03
2.878864991714635835e-03
2.866152737126981265e-03
2.834360617995912435e-03
2.782946805638175647e-03
2.712081818714295878e-03
2.622722310547942470e-03
2.516639469860137979e-03
2.396392230636479326e-03
2.265239750101954996e-03
2.126994080740018944e-03
1.985821716274926985e-03
1.846010333693470784e-03
1.711723847947155264e-03
1.586772817063319962e-03
1.474426809821238749e-03
1.377289851731688941e-03
1.297249975877434736e-03
1.235501442565123398e-03
1.192625558601889679e-03
1.168708326133582887e-03
1.163470384042852857e-03
1.176386247323080170e-03
1.206771295784392350e-03
1.253811928251025165e-03
1.316507158563240409e-03
1.393484573952719074e-03
1.482662066862872052e-03
1.580758191352060749e-03
1.682713398437840624e-03
1.781162675356995351e-03
1.866177034898441889e-03
1.925531641418842810e-03
1.945722323384302399e-03
1.913810826451367575e-03
1.819937484469846822e-03
1.660056717881275290e-03
1.438232525259763861e-03
1.167793427370611425e-03
8.708524068055112366e-04
5.761056124953256585e-04
3.152956189040878598e-04
1.190809896058908635e-04
1.316857596123099938e-05
1.542057559333898098e-05
1.343286649273522926e-04
3.688885623773785483e-04
7.096235310370957450e-04
1.140355693038941354e-03
1.640305267699204705e-03
2.186172132823571701e-03
2.753968314422650110e-03
3.320484537496781741e-03
3.864364876832837581e-03
4.366821681855981296e-03
4.812053411626493471e-03
5.187435994173483778e-03
5.483553916263872452e-03
5.694125464671628833e-03
5.815862990900200202e-03
5.848296161772736923e-03
5.793574387624289557e-03
5.656255456059966491e-03
5.443080131527722187e-03
5.162726907585124536e-03
4.825537746881991552e-03
4.443203271293327816e-03
4.028396312392601430e-03
3.594344611613564666e-03
3.154339880694578824e-03
2.721189665166434679e-03
2.306633666265156535e-03
1.920764238590777495e-03
1.571509251704128474e-03
1.264247742867041779e-03
1.001627524104264921e-03
7.836334906556885471e-04
6.079157785592315122e-04
4.703358978588312311e-04
3.656424231763821808e-04
2.881604959270589461e-04
2.323822302088274228e-04
1.933780138614338284e-04
1.669987526611294015e-04
1.498899400189657172e-04
1.393747864995020791e-04
1.332771052489079011e-04
1.297485795817010512e-04
1.271454894720136508e-04
1.239770509329218839e-04
1.189278832214313297e-04
1.109428208110330161e-04
9.935517583414821274e-05
8.403598603479167650e-05
6.554150964177551941e-05
4.523698198966030759e-05
2.537577844918814662e-05
9.114396576137551165e-06
4.459866289607816725e-07
4.038178929022251396e-06
2.496662160922369367e-05
6.834389859022849123e-05
1.388554978376532745e-04
2.402300369510612654e-04
3.746896690302037314e-04
5.424454027433966985e-04
7.413178435484724105e-04
9.665692525402391766e-04
1.211021835260339685e-03
1.465503338408780110e-03
1.719604290940424107e-03
1.962660022755358113e-03
2.184803685366887294e-03
2.377900044109537703e-03
2.536185694793857692e-03
2.656513038886032518e-03
2.738203843847486496e-03
2.782620069368135773e-03
2.792615647706497839e-03
2.772023284052238523e-03
2.725269016437437131e-03
2.657131514169464026e-03
2.572607717240771308e-03
2.476827870793840702e-03
2.374974985329458832e-03
2.272189311440797610e-03
2.173462064092746004e-03
2.083536924729401107e-03
2.006842157115329428e-03
1.947472386461868155e-03
1.909228327065193298e-03
1.895709734014872083e-03
1.910441874358070891e-03
1.957003874011320477e-03
2.039117487782959870e-03
2.160648758049887874e-03
2.325472438556630550e-03
2.537151818160054972e-03
2.798396334085850867e-03
3.110280029730461138e-03
3.471238014483901679e-03
3.875907348145801734e-03
4.313940558205331399e-03
4.768988964286791088e-03
5.218114327334433256e-03
5.631924521935616212e-03
5.975719073518348523e-03
6.211853918173915190e-03
6.303377602947080049e-03
6.218756976721806495e-03
5.937223069565789046e-03
5.453980388736567875e-03
4.784316531257104543e-03
3.965619143116327905e-03
3.056532179172677388e-03
2.132973550942551810e-03
1.281392676631298855e-03
5.902747874273472917e-04
1.412837938374877922e-04
1.454606376682932023e-06
2.175231247321107730e-04
8.129606586493309806e-04
1.787733136268343515e-03
3.120369687962920580e-03
4.771665348954456931e-03
6.689264418128004763e-03
8.812436272691570593e-03
1.107650955179906305e-02
1.341661789332704302e-02
1.577059067555808269e-02
1.808097013096698902e-02
2.029624190274148532e-02
2.237142953794091227e-02
2.426822956790886110e-02
2.595486143583514149e-02
2.740578277295924181e-02
2.860138509029752640e-02
2.952774229903809555e-02
3.017644232120630932e-02
3.054449402095826827e-02
3.063427596380563500e-02
3.045348284565818631e-02
3.001503153814155667e-02
2.933690583657266870e-02
2.844193317527299314e-02
2.735748670369275715e-02
2.611508623240865745e-02
2.474984008695457760e-02
2.329964696937736335e-02
2.180408165055780501e-02
2.030293130972893323e-02
1.883442509000587961e-02
1.743329082452760304e-02
1.612885362577287651e-02
1.494343298827516264e-02
1.389127755358288141e-02
1.297819105867858980e-02
1.220187317814236394e-02
1.155286623574625082e-02
1.101591687982761414e-02
1.057155059719150358e-02
1.019770156491972557e-02
9.871291849592012113e-03
9.569678208976029055e-03
9.271883338854536305e-03
8.959534497506638218e-03
8.617470620251310720e-03
8.234039138670823377e-03
7.801157167548922189e-03
7.314234525694018885e-03
6.772050074189905899e-03
6.176647826151793197e-03
5.533290451907646457e-03
4.850480911898102931e-03
4.140042006085309367e-03
3.417226201705148014e-03
2.700814984123667273e-03
2.013152319022992742e-03
1.380040046669250842e-03
8.303998537542156555e-04
3.955808264635152227e-04
1.081700984428835000e-04
1.637186954894787050e-07
1.003973463724605608e-04
4.312423947112620226e-04
1.004753755225351597e-03
1.818691521435766845e-03
2.853083432640346473e-03
4.068165915967369983e-03
5.404549915482448341e-03
6.786232275942438719e-03
8.126600363411284889e-03
9.336921691811994606e-03
1.033612608075884509e-02
1.106018713241496698e-02
1.146930060242823401e-02
1.155144634033433704e-02
1.132174584630263325e-02
1.081803369537226445e-02
1.009389616172029491e-02
9.210814000226719145e-03
8.230911572326249370e-03
7.211315665784923112e-03
6.200521530104197154e-03
5.236660161003214853e-03
4.347259966294814149e-03
3.550001644228473197e-03
2.854021374631088293e-03
2.261445366983139138e-03
1.768965787533716139e-03
1.369353631702097118e-03
1.052848213817014766e-03
8.083831086622694784e-04
6.246234401601213904e-04
4.908046715996761122e-04
3.973774776113714324e-04
3.364730540909022238e-04
3.022064736484253444e-04
2.908336982727632858e-04
3.007727964217110639e-04
3.324927080541328905e-04
3.882658375147229890e-04
4.717734450707666838e-04
5.875466037394971863e-04
7.402224167094573204e-04
9.335962394345642679e-04
1.169462887787631189e-03
