1.103210472308546741e-04
1.136816804319096263e-04
1.240223301834930680e-04
1.421023560368439576e-04
1.691326964845529801e-04
2.066994989746717692e-04
2.566676627964170621e-04
3.210731361917851245e-04
4.020132858926217523e-04
5.015441898734707138e-04
6.215921669792123794e-04
7.638851294444748419e-04
9.299067871353372539e-04
1.120874632036361618e-03
1.337740578321700013e-03
1.581211449973807248e-03
1.851785093975877317e-03
2.149797617960302887e-03
2.475476240562102248e-03
2.828992805618213424e-03
3.210512723939018542e-03
3.620234702765401380e-03
4.058416664165065413e-03
4.525383739434118979e-03
5.021514429515150368e-03
5.547201107702903755e-03
6.102781211069441270e-03
6.688435734758968465e-03
7.304052065165933527e-03
7.949048691912707909e-03
8.622160876313955669e-03
9.321188330972063341e-03
1.004270919877114920e-02
1.078176888643156417e-02
1.153155877034350851e-02
1.228310686491340675e-02
1.302501150594537194e-02
1.374325846035162613e-02
1.442117048554791836e-02
1.503954485626479709e-02
1.557703644361652096e-02
1.601083881097054018e-02
1.631770145520761162e-02
1.647529521125079555e-02
1.646389938719039492e-02
1.626833300839791718e-02
1.587999165616338360e-02
1.529878694685748997e-02
1.453472702240787839e-02
1.360883976080629054e-02
1.255314577750255012e-02
1.140945781304480988e-02
1.022693460940615751e-02
9.058551719746787967e-03
7.956945009311766626e-03
6.970375773107662098e-03
6.139771378883551733e-03
5.497813961355291212e-03
5.070800977350131689e-03
4.883464607118526146e-03
4.966176014221446167e-03
5.363141557708672735e-03
6.139561652588554352e-03
7.385516720859186535e-03
9.214728970903252048e-03
1.175730622091464284e-02
1.514688894276616793e-02
1.950394132089172672e-02
2.491789486197149017e-02
3.143122364910766464e-02
3.902824160434192891e-02
4.763056098903462043e-02
5.709994648032079567e-02
6.724799977192219558e-02
7.785098330944606460e-02
8.866736654282192376e-02
9.945548271515747274e-02
1.099890109690164763e-01
1.200687024695810123e-01
1.295296333878184214e-01
1.382440710814734075e-01
1.461206308445355262e-01
1.531007171141851586e-01
1.591533064904808725e-01
1.642690127359287544e-01
1.684541616751999982e-01
1.717253706998320695e-01
1.741049196347717043e-01
1.756170416753661812e-01
1.762851573188015664e-01
1.761300148781543840e-01
1.751686775012188946e-01
1.734142951782899900e-01
1.708766115601889624e-01
1.675631689031291671e-01
1.634811816502264037e-01
1.586400408448298549e-01
1.530543817590483968e-01
1.467475885159927884e-01
1.397555217651387238e-01
1.321301446529048462e-01
1.239426042795486183e-01
1.152852295501105573e-01
1.062718699319447069e-01
9.703606437288669895e-02
8.772672781043411305e-02
7.850138282077523399e-02
6.951741007894440827e-02
6.092225684022878340e-02
5.284389619100693380e-02
4.538293729062559123e-02
3.860756659570085958e-02
3.255198117044244555e-02
2.721829773230410865e-02
2.258129066142089414e-02
1.859490316786605035e-02
1.519937094958834223e-02
1.232796025324489619e-02
9.912645476845227677e-03
7.888408132444624243e-03
6.196137106229571145e-03
4.784304748071122049e-03
3.609684554021441727e-03
2.637387292864445953e-03
1.840455282163588890e-03
1.199195448322143420e-03
7.003707011250526193e-04
3.363144596448819357e-04
1.039915369176469540e-04
3.997487894480400428e-06
3.946999427739683597e-05
2.148759983242598537e-04
5.346391725282728657e-04
1.001583614723244864e-03
1.615193900690314877e-03
2.369732686318570813e-03
3.252316022837931087e-03
4.241124907409243860e-03
5.304021714550799516e-03
6.397928039078237816e-03
7.469375495873009640e-03
8.456624399855172669e-03
9.293609673505898172e-03
9.915689083157985806e-03
1.026674510200109580e-02
1.030670722192894573e-02
1.001816607619332444e-02
9.410630863456503903e-03
8.521273825664366086e-03
7.411706499027559403e-03
6.161255686635058737e-03
4.858044519338022837e-03
3.589645968332888515e-03
2.435032337359643861e-03
1.459062747699135798e-03
7.100415921996727775e-04
2.201824298708743299e-04
8.302682900307445379e-06
8.383222875352203118e-05
4.512299586849621846e-04
1.114086024287530563e-03
2.078445400712780611e-03
3.355134811613424972e-03
4.961060424747643083e-03
6.919555478077654698e-03
9.259904770502203064e-03
1.201617830450629754e-02
1.522548916227606242e-02
1.892576651350452721e-02
2.315311269205722056e-02
2.793880074762000731e-02
3.330596953642839253e-02
3.926609347735166011e-02
4.581534869801373588e-02
5.293106777006073571e-02
6.056856538019417258e-02
6.865870651762406851e-02
7.710664299703751112e-02
8.579213089623749511e-02
9.457174114592703518e-02
1.032831042863620041e-01
1.117511259523098488e-01
1.197959136016777393e-01
1.272419784836955614e-01
1.339280967791296462e-01
1.397170104110472266e-01
1.445039506427150400e-01
1.482228728329886280e-01
1.508494227786485453e-01
1.524000795596975877e-01
1.529275777890717336e-01
1.525134071918472500e-01
1.512586767131693932e-01
1.492747538028567078e-01
1.466748530938417616e-01
1.435673026639534555e-01
1.400507473091323618e-01
1.362111908850778264e-01
1.321205806077898615e-01
1.278365721092171725e-01
1.234031360065301897e-01
1.188517290939330451e-01
1.142028234794025821e-01
1.094676528036302443e-01
1.046500872023727879e-01
9.974859096476507148e-02
9.475824408235666851e-02
8.967282319942171398e-02
8.448693618696268004e-02
7.919818811406287296e-02
7.380932555679464713e-02
6.833026950012310863e-02
6.277990680149514446e-02
5.718747851830130458e-02
5.159337710421141310e-02
4.604914290699468893e-02
4.061643727025909811e-02
3.536478450901370252e-02
3.036795797305558153e-02
2.569906565437918289e-02
2.142466749603499920e-02
1.759858289457838509e-02
1.425633703964024335e-02
1.141133013696560283e-02
9.053671523844286639e-03
7.152137681629255894e-03
5.658971467127571486e-03
4.516492092221824350e-03
3.664049501097110806e-03
3.043925333003016931e-03
2.605296765949560722e-03
2.306069676151878411e-03
2.112955027442353639e-03
2.000440569361217058e-03
1.949303880763864072e-03
1.945133502758267241e-03
1.977101509083922792e-03
2.037048840080046830e-03
2.118838053078775374e-03
2.217891580627906478e-03
2.330841613201073415e-03
2.455243683570529356e-03
2.589333745589783575e-03
2.731826953180416240e-03
2.881767268505086577e-03
3.038440053018121034e-03
3.201357754718969773e-03
3.370323094870286695e-03
3.545565320010268806e-03
3.727934646448716194e-03
3.919129951526656441e-03
4.121927899475963386e-03
4.340381003487436828e-03
4.579957761322361876e-03
4.847608219407106844e-03
5.151746470119178412e-03
5.502141074813948762e-03
5.909690784960730525e-03
6.386041513835039041e-03
6.942983555106252425e-03
7.591574867362282930e-03
8.340976935997446162e-03
9.197060938049617107e-03
1.016092722522898839e-02
1.122755528797370062e-02
1.238483954784896923e-02
1.361324936695496035e-02
1.488627588969393400e-02
1.617170637804576927e-02
1.743362936905157312e-02
1.863495165289918987e-02
1.974012601841934611e-02
2.071776013298176622e-02
2.154280375638961686e-02
2.219808547989998715e-02
2.267507482916641948e-02
2.297385887580105646e-02
2.310242066397449889e-02
2.307537629772582477e-02
2.291236338898272606e-02
2.263627898574327446e-02
2.227154866335467887e-02
2.184257703034120368e-02
2.137249019450848664e-02
2.088223877163386533e-02
2.039008863660285442e-02
1.991149141322523519e-02
1.945929762543130437e-02
1.904425458029379570e-02
1.867571723859384747e-02
1.836249198822770268e-02
1.811372954992407358e-02
1.793978052553768521e-02
1.785292339714317222e-02
1.786786713148558192e-02
1.800192304200720628e-02
1.827474421814656580e-02
1.870756263809880693e-02
1.932192423873857479e-02
2.013802518247587159e-02
