9.430243935966586832e-03
9.442358861235788936e-03
9.478760395992935628e-03
9.539615953300994988e-03
9.625196796505974817e-03
9.735865633274443098e-03
9.872058899148328237e-03
1.003426308768951003e-02
1.022298435285051710e-02
1.043871082083569490e-02
1.068186593440145771e-02
1.095275372448156759e-02
1.125149310000495007e-02
1.157794265522227306e-02
1.193161458125757690e-02
1.231157920339853717e-02
1.271636120512198431e-02
1.314382928927670946e-02
1.359108348700033275e-02
1.405434453928933181e-02
1.452884993994985052e-02
1.500876490693769938e-02
1.548711523651036259e-02
1.595575004400018315e-02
1.640534390371328755e-02
1.682544606711644519e-02
1.720458515930545218e-02
1.753043533652487440e-02
1.779004858259725097e-02
1.797015610063112945e-02
1.805753714990032677e-02
1.803945301209353147e-02
1.790413848918603890e-02
1.764134015490981255e-02
1.724288897467829429e-02
1.670328727549019732e-02
1.602029122832959729e-02
1.519546001047444861e-02
1.423464484498992988e-02
1.314837885311703758e-02
1.195213086202784325e-02
1.066637990066965358e-02
9.316467487821000759e-03
7.932193546920984772e-03
6.547134187186998133e-03
5.197684799384205689e-03
3.921865757433806721e-03
2.757964368143461797e-03
1.743119939277448793e-03
9.119757171305309384e-04
2.955092431164985101e-04
7.989028443944334867e-05
1.931040885096990678e-04
2.881578681979135581e-05
4.219466346597755546e-04
1.161081261756180538e-03
2.182378824144848295e-03
3.470219544013275481e-03
4.998248664577431555e-03
6.728487837165175733e-03
8.611437733918592130e-03
1.058761464278745734e-02
1.259060582898996472e-02
1.455122929523611219e-02
1.640195375196640271e-02
1.808062534669829802e-02
1.953284901286167496e-02
2.071295238953041462e-02
2.158403006460218876e-02
2.211784781525238941e-02
2.229528791605162041e-02
2.210763338129595468e-02
2.155849845668456055e-02
2.066580654471295020e-02
1.946300215199414652e-02
1.799872559622883728e-02
1.633448213657118231e-02
1.454032067621824353e-02
1.268908092544052124e-02
1.085017788294351249e-02
9.084035095710873975e-03
7.438099207874415697e-03
5.944941028218408974e-03
4.622436491558801208e-03
3.475595274579745819e-03
2.499379611947460944e-03
1.681840918280386177e-03
1.007046308629355735e-03
4.574747339489704245e-04
1.576186946294910740e-05
3.341803392231668113e-04
6.065619760420304374e-04
8.134945283728711729e-04
9.650206190059407163e-04
1.069286892260379318e-03
1.132781782587244379e-03
1.160585386060120072e-03
1.156600019072584473e-03
1.123744247166769128e-03
1.064103085397505311e-03
9.790329058034785703e-04
8.692229002491558276e-04
7.347182297650078908e-04
5.749126553524774863e-04
3.885235941538667248e-04
1.735691435840180930e-04
7.262398720797591523e-05
3.533422476351688601e-04
6.722869766520034318e-04
1.033201725803678528e-03
1.439275186996269440e-03
1.892291570257498279e-03
2.391543387105343754e-03
2.932589325169487893e-03
3.506025192621109454e-03
4.096522768833210648e-03
4.682450394199122456e-03
5.236383440177405646e-03
5.726714360676510296e-03
6.120373764431974450e-03
6.386412970542210132e-03
6.499941089273875150e-03
6.445745970026450777e-03
6.220914876067240584e-03
5.835925981699574550e-03
5.313959449665617285e-03
4.688505831595080053e-03
3.999651354618549703e-03
3.289634350309711408e-03
2.598368171035758678e-03
1.959594910587725280e-03
1.398188718582105139e-03
9.288932526629878339e-04
5.565087732293250156e-04
2.773034895966475233e-04
8.126348942028016609e-05
4.525810398092744435e-05
1.168880503428226802e-04
1.468660759655904258e-04
1.451297965218145691e-04
1.169103957465722488e-04
6.182692351330842939e-05
2.656392018707265379e-05
1.608039977867292691e-04
3.591748279774265029e-04
6.449319411956366821e-04
1.045093999337609603e-03
1.588738041718329441e-03
2.304766349965348127e-03
3.219157743998835031e-03
4.351797144238389592e-03
5.713084005122937015e-03
7.300633316461357936e-03
9.096476303710687716e-03
1.106520715947567624e-02
1.315349118038966481e-02
1.529123662962206254e-02
1.739456113656956404e-02
1.937047297154492753e-02
2.112298838376602816e-02
2.256022122185186163e-02
2.360184293982570125e-02
2.418620999367249169e-02
2.427640395472963064e-02
2.386443642828339762e-02
2.297297213473825650e-02
2.165412567813973510e-02
1.998522783290468396e-02
1.806188358635552049e-02
1.598910989757484913e-02
1.387171741484394261e-02
1.180528051759210939e-02
9.868927323196885482e-03
8.120805465111402555e-03
6.596522058956111323e-03
5.310299221235936784e-03
4.258167283097691325e-03
3.422324074747962186e-03
2.775815502957357239e-03
2.286871380803745524e-03
1.922478461807486383e-03
1.651015224851448693e-03
1.443966517484795986e-03
1.276863200047273494e-03
1.129654488607911844e-03
9.867303412676164953e-04
8.367836121152549822e-04
6.726541894579440850e-04
4.912397555614234079e-04
2.935032460129605170e-04
8.455733755852179456e-05
1.262328529492151574e-04
3.252173661110191460e-04
4.946055267254223509e-04
6.128980125055250028e-04
6.557072423447607434e-04
5.970362473419754679e-04
4.110327901400978590e-04
7.416042339514206105e-05
4.323639923313749023e-04
1.120111729008499424e-03
1.991283624221296122e-03
3.037205744959692311e-03
4.237798832193107046e-03
5.562232983066905945e-03
6.970805020287684783e-03
8.417869215847417763e-03
9.855458319748322538e-03
1.123710163095381631e-02
1.252131087238694818e-02
1.367427713786639742e-02
1.467148221840375300e-02
1.549813663112331596e-02
1.614856304603051740e-02
1.662479637035119140e-02
1.693475248495701635e-02
1.709030512242293298e-02
1.710554282989562580e-02
1.699536623263497859e-02
1.677448635955158807e-02
1.645679690004442364e-02
1.605504928586753977e-02
1.558074025270173024e-02
1.504412992832726559e-02
1.445432400049639909e-02
1.381937771321872788e-02
1.314639657513794191e-02
1.244162467345688583e-02
1.171052191610044702e-02
1.095783776789005515e-02
1.018769373595773686e-02
9.403688428022860535e-03
8.609040048682459201e-03
7.806780011961222954e-03
7.000010418138913337e-03
6.192232858168722487e-03
5.387751714408750559e-03
4.592145695440308373e-03
3.812790844463620488e-03
3.059405605256415583e-03
2.344572091914187695e-03
1.684169878188868097e-03
1.097637937661488650e-03
6.079545024846311208e-04
2.411999532370145971e-04
2.555046233965185820e-05
1.043654069121657813e-05
1.596868327311540270e-04
5.570756432149437387e-04
1.194024202789023548e-03
2.070562951445253930e-03
3.171929719812283111e-03
4.467602243579449350e-03
5.912329855419784508e-03
7.449181102415991518e-03
9.014168846164238857e-03
1.054168412370870556e-02
1.196986420939083473e-02
1.324513716801334340e-02
1.432545274755625542e-02
1.518201401245278248e-02
1.579959292244836888e-02
1.617569096080728741e-02
1.631889397688723875e-02
1.624677892988302119e-02
1.598368611441003395e-02
1.555859854174457269e-02
1.500329150822210522e-02
1.435084388548091283e-02
1.363454226404314795e-02
1.288716381614563034e-02
1.214058903052261940e-02
1.142566908588094066e-02
1.077225505129320027e-02
1.020928195738690647e-02
9.764790828000968759e-03
9.465767668473290541e-03
9.337680851317031738e-03
9.403613175081204645e-03
9.682914587500590642e-03
1.018935456116309979e-02
1.092883255884657956e-02
1.189681049937973967e-02
1.307575564963769921e-02
1.443300827922655571e-02
1.591958338221388658e-02
1.747045073591380060e-02
1.900675411873464782e-02
2.044021234641490992e-02
2.167958054900509524e-02
2.263859495589315429e-02
2.324438826312302808e-02
2.344507833956299692e-02
2.321524562113097545e-02
2.255835187806098929e-02
2.150574414798711587e-02
2.011255129907851824e-02
1.845131055068804926e-02
1.660443613253903550e-02
1.465664280780742956e-02
