9.943835567014502885e-04
9.914386715621503754e-04
9.826933869163667623e-04
9.684102988956055924e-04
9.490093470105875895e-04
9.250429869780418812e-04
8.971646635558272465e-04
8.660931979562747074e-04
8.325761173182399943e-04
7.973543386867731897e-04
7.611305057935169316e-04
7.245424972808223174e-04
6.881429763296864621e-04
6.523852631659110557e-04
6.176151435113297339e-04
5.840679635014112137e-04
5.518702107139006330e-04
5.210444339240893896e-04
4.915169729997614922e-04
4.631277579107972997e-04
4.356419927518118129e-04
4.087639648417962235e-04
3.821533798600285081e-04
3.554449790641456275e-04
3.282727273727914508e-04
3.002991722524939178e-04
2.712511277849216640e-04
2.409618183492057142e-04
2.094189908490307062e-04
1.768174292919866275e-04
1.436129006435749034e-04
1.105730397199522486e-04
7.881931284714482899e-05
4.985307349159029400e-05
2.555804925918891968e-05
8.172024266173139040e-06
2.217947638882833417e-07
4.417854682969846181e-06
2.350911042015013663e-05
6.010217438756626507e-05
1.164549167071982083e-04
1.942585846279598627e-04
2.944267892956986543e-04
4.169124458712758496e-04
5.605738371485813332e-04
7.231095580948476709e-04
9.010771480859602889e-04
1.090003696248231790e-03
1.284587794714298070e-03
1.478982171121856481e-03
1.667136865819429659e-03
1.843174051458618123e-03
2.001760912236250078e-03
2.138445955452539238e-03
2.249929729416066948e-03
2.334251075822635357e-03
2.390885037300449767e-03
2.420763490647459548e-03
2.426241717245147811e-03
2.411038316409985782e-03
2.380171086571181149e-03
2.339899457595606691e-03
2.297670766594706038e-03
2.262062550570931307e-03
2.242721917539824972e-03
2.250323166776979633e-03
2.296579715832081092e-03
2.394333436484430422e-03
2.557689881086844252e-03
2.802085676052001872e-03
3.144109469829459158e-03
3.600902413410267400e-03
4.189066761028925612e-03
4.923182935158365581e-03
5.814205155658669355e-03
6.868093862237856229e-03
8.085005738564632338e-03
9.459219440287824909e-03
1.097978769404051036e-02
1.263174582949488922e-02
1.439762005435341052e-02
1.625897307278023618e-02
1.819777843762437897e-02
2.019749629212697073e-02
2.224380070565246115e-02
2.432496733106859210e-02
2.643196411044357319e-02
2.855830034428663566e-02
3.069968778284248856e-02
3.285355685842716866e-02
3.501845795673830253e-02
3.719336277919182976e-02
3.937686762471059865e-02
4.156628857586497361e-02
4.375663212276492686e-02
4.593942861794175769e-02
4.810143962048130106e-02
5.022330967531729584e-02
5.227833958315386553e-02
5.423170769685725645e-02
5.604061495650114466e-02
5.765587567596242025e-02
5.902529177259907556e-02
6.009866797572271935e-02
6.083367456194821443e-02
6.120126314937124334e-02
6.118931045577369332e-02
6.080365371282425713e-02
6.006641409837243373e-02
5.901213198920629566e-02
5.768258664190284435e-02
5.612126493591063081e-02
5.436836229705477308e-02
5.245700040283907128e-02
5.041106609876067068e-02
4.824477001538696186e-02
4.596375271792396688e-02
4.356738776462520946e-02
4.105185822541557172e-02
3.841359677593914057e-02
3.565272061210578158e-02
3.277610985664125565e-02
2.979975188210914894e-02
2.674995698487236950e-02
2.366314299750627015e-02
2.058414721845736040e-02
1.756338239319177319e-02
1.465343619024395139e-02
1.190576752277650030e-02
9.367976187832027790e-03
7.081839706984283112e-03
5.082071495522200166e-03
3.395632113395663509e-03
2.041410345270833204e-03
1.030134086789757930e-03
3.644241790112801027e-04
3.894696379802553565e-05
4.065132743846788799e-05
3.491033145195387988e-04
9.369610432088393281e-04
1.770654240175417726e-03
2.811328776544996799e-03
4.016069017779955175e-03
5.339325539623018813e-03
6.734382946675054882e-03
8.154648337452385931e-03
9.554556418564175146e-03
1.088997686058235104e-02
1.211814774509889503e-02
1.319730982858402513e-02
1.408634809860132009e-02
1.474483368663470628e-02
1.513388102934243307e-02
1.521817135368053187e-02
1.496932329858680077e-02
1.437050370428494261e-02
1.342178145917216625e-02
1.214530496775978463e-02
1.058905954629096868e-02
8.827900178047798363e-03
6.960892015555941725e-03
5.104728856963447470e-03
3.383964341267642340e-03
1.919653134322629739e-03
8.184271003273124734e-04
1.638620387041100912e-04
1.132458366726041277e-05
3.866162499974734601e-04
1.287963604951869456e-03
2.690426786514876767e-03
4.551643888930811954e-03
6.817921380033453715e-03
9.429911920932454450e-03
1.232739806107474578e-02
1.545295937125956698e-02
1.875450535800382568e-02
2.218679171137694084e-02
2.571210269337598220e-02
2.930028719032407025e-02
3.292830038316196806e-02
3.657934711567634167e-02
4.024167134809886193e-02
4.390700564908911474e-02
4.756870037222427072e-02
5.121959921089569434e-02
5.484980999351307673e-02
5.844461779172149818e-02
6.198286646051087700e-02
6.543615583829875959e-02
6.876912909439170107e-02
7.194095429538549524e-02
7.490786517728054150e-02
7.762638939939847660e-02
8.005673213457953352e-02
8.216575518137858580e-02
8.392910294287503348e-02
8.533223121831667868e-02
8.637032584523751666e-02
8.704729039840231053e-02
8.737409376534799321e-02
8.736679841950945047e-02
8.704455353344542345e-02
8.642776403101493088e-02
8.553656757578664838e-02
8.438967963228094504e-02
8.300361662118405093e-02
8.139227596421960698e-02
7.956683729379676606e-02
7.753594678057140754e-02
7.530614850887218381e-02
7.288253196905714049e-02
7.026956638124204346e-02
6.747209076040405762e-02
6.449641968438868389e-02
6.135150891152818531e-02
5.805010343097194436e-02
5.460976319589860850e-02
5.105363605639468005e-02
4.741083081054853210e-02
4.371624361259307534e-02
4.000972382442569142e-02
3.633453452886215018e-02
3.273516951220756255e-02
2.925471820752534313e-02
2.593209306851917972e-02
2.279951155401249707e-02
1.988062512859301023e-02
1.718959296974276185e-02
1.473123009178323173e-02
1.250216025863437608e-02
1.049273311134868436e-02
8.689366590061808893e-03
7.076965277434510426e-03
5.641127388841482571e-03
4.369953708192042541e-03
3.255372954697577370e-03
2.293973913964464373e-03
1.487373345668174807e-03
8.421506992135618930e-04
3.693571196095035702e-04
8.357335947550836863e-05
1.470856517471474945e-06
1.398423389389336080e-04
5.131276269736417817e-04
1.130565443475006759e-03
1.993229986638311857e-03
3.091322074979530043e-03
4.402134502143439931e-03
5.889073183396931199e-03
7.501995366837377333e-03
9.178959315562451593e-03
1.084930997343747094e-02
1.243787934643592052e-02
1.386995716974581683e-02
1.507658070040918119e-02
1.599960226630514626e-02
1.659595709261907359e-02
1.684060909026641184e-02
1.672782143083395567e-02
1.627065485882894791e-02
1.549887598739019268e-02
1.445568645303296762e-02
1.319380610806319964e-02
1.177144718744216334e-02
1.024862234993406673e-02
8.684082108501911534e-03
7.133020677983381574e-03
5.645559007021461184e-03
4.265924891257100171e-03
3.032204400753357731e-03
1.976526776047649037e-03
1.125553264245127139e-03
5.011567443347075823e-04
1.211963408280780641e-04
3.051147388077879441e-07
1.506210197703694575e-04
5.824024493392698787e-04
1.304481141872315675e-03
2.324517914672696861e-03
3.649036700579699755e-03
5.283219169470498855e-03
7.230443435631173088e-03
9.491549242824248722e-03
1.206381606387196825e-02
1.493966573485749905e-02
1.810516473695145123e-02
2.153851350782076679e-02
2.520885774404746371e-02
2.907587608301298587e-02
3.309059289642846124e-02
3.719764258124769185e-02
4.133878464423901278e-02
4.545700737520519397e-02
4.950030780908321049e-02
5.342434498346904093e-02
5.719354694198841571e-02
6.078068317751217364e-02
6.416521219684057087e-02
6.733084491087026890e-02
7.026279086851161537e-02
