0.000000000000000000e+00
9.426603000406430510e-05
3.746705700109487225e-04
8.342954400006874494e-04
1.462447240001552018e-03
2.245785509998654561e-03
3.169671070011759184e-03
4.219551870008331207e-03
5.382209140009308612e-03
6.646716960005960573e-03
8.005017230004796147e-03
9.452068630011467576e-03
1.098558374999925036e-02
1.260541540000303939e-02
1.431268656000383999e-02
1.610877739000216025e-02
1.799428649999867957e-02
1.996807667001121445e-02
2.202649766000774889e-02
2.416285630000913898e-02
2.636717625000528642e-02
2.862626158000125542e-02
3.092404846000817997e-02
3.324220094999930097e-02
3.556088093000653316e-02
3.785960075001071345e-02
4.011805225999864888e-02
4.231680119001168805e-02
4.443774320000670741e-02
4.646423984000591645e-02
4.838088979001042844e-02
5.017294006000838635e-02
5.182539964999932636e-02
5.332197562999851925e-02
5.464399942999875748e-02
5.576953909000792464e-02
5.667289456999924369e-02
5.732464288000471697e-02
5.769234181001081652e-02
5.774192159000790525e-02
5.743970666000564052e-02
5.675492715000984845e-02
5.566251436000868580e-02
5.414593495000019630e-02
5.219980684999825371e-02
4.983205437000037819e-02
4.706539561000511185e-02
4.393800459000374303e-02
4.050324890999945637e-02
3.682846641000026011e-02
3.299281062000147813e-02
2.908426326000324025e-02
2.519598149000046305e-02
2.142221487000028901e-02
1.785408389000053830e-02
1.457554860000698227e-02
1.165990105999981097e-02
9.167078280000851009e-03
7.142009550008765473e-03
5.614089090002494231e-03
4.597717100011777802e-03
4.093706450007061903e-03
4.091237600007957553e-03
4.569990269999379962e-03
5.502101250002056076e-03
6.853694530008169750e-03
8.585879380007099826e-03
1.065527885000960850e-02
1.301429101999929117e-02
1.561136243999783346e-02
1.839154776000384572e-02
2.129754608000666849e-02
2.427126909999799409e-02
2.725584674000458563e-02
3.019785240000771864e-02
3.304946008000797519e-02
3.577024094001046706e-02
3.832836063000399918e-02
4.070103229000210376e-02
4.287418940000975454e-02
4.484144495999942137e-02
4.660248404000810751e-02
4.816108654000572642e-02
4.952299741999866001e-02
5.069385609000676141e-02
5.167737264000038522e-02
5.247390353000014329e-02
5.307953826999778357e-02
5.348576600999876973e-02
5.367974854000578944e-02
5.364518417000851969e-02
5.336370586999805710e-02
5.281671662000064771e-02
5.198752604000844713e-02
5.086361736000810652e-02
4.943884710000645555e-02
4.771536499001172160e-02
4.570504602000369232e-02
4.343025331000660572e-02
4.092380287001162742e-02
3.822807695000562944e-02
3.539332518001003791e-02
3.247528997000870277e-02
2.953237940000974504e-02
2.662267080999924929e-02
2.380104940000649094e-02
2.111676149000629721e-02
1.861159582000482260e-02
1.631880983001110508e-02
1.426280985999994755e-02
1.245949491000430953e-02
1.091709945001184678e-02
9.637332030010270500e-03
8.616605409997646348e-03
7.847184070001844702e-03
7.318126350000397906e-03
7.015959000000293599e-03
6.925080370010050501e-03
7.027936590006333972e-03
7.305048650010803613e-03
7.734986050010661529e-03
8.294384500004525762e-03
8.958095970001522801e-03
9.699538589998724092e-03
1.049128824000433724e-02
1.130592263000096409e-02
1.211709660999815696e-02
1.290079567000645966e-02
1.363668563000430822e-02
1.430945269000005737e-02
1.491001259000768187e-02
1.543646171001000766e-02
1.589465119000976756e-02
1.629828627000051711e-02
1.666848848000768157e-02
1.703280542000129572e-02
1.742370616000243899e-02
1.787665487000822395e-02
1.842790243000536066e-02
1.911216867000575803e-02
1.996040113000674410e-02
2.099778644000593886e-02
2.224215940000817682e-02
2.370290698000587781e-02
2.538040692000720355e-02
2.726598335000574025e-02
2.934231195000336356e-02
3.158417251000855686e-02
3.395942950000119254e-02
3.643012250000765562e-02
3.895356497000079798e-02
4.148337781001032454e-02
4.397041712999794072e-02
4.636359005000656452e-02
4.861058254000738543e-02
5.065854693000915177e-02
5.245481255001038789e-02
5.394768927000370695e-02
5.508743171000674010e-02
5.582742146999919441e-02
5.612560632000906935e-02
5.594621063001170569e-02
5.526169924000612355e-02
5.405494018999945638e-02
5.232147050000435229e-02
5.007172512000579445e-02
4.733304718000397315e-02
4.415126029999782986e-02
4.059155870000097366e-02
3.673846432999994249e-02
3.269462039000359255e-02
2.857824374000017542e-02
2.451914834000490373e-02
2.065337775000841702e-02
1.711663817000896870e-02
1.403689076001057856e-02
1.152661948000854863e-02
9.675413810001032289e-03
8.543565910002826058e-03
8.157360050006445817e-03
8.506617260010784776e-03
9.544857430000774912e-03
1.119217661999982738e-02
1.334064543000579306e-02
1.586175911999987420e-02
1.861525322000545657e-02
2.145847124999988864e-02
2.425544996999917657e-02
2.688496759000713610e-02
2.924696278000737948e-02
3.126694576999966557e-02
3.289825205000340702e-02
3.412220222000428294e-02
3.494640449000030458e-02
3.540155553000090549e-02
3.553715760000386581e-02
3.541658219999987978e-02
3.511188244000607028e-02
3.469870252000362143e-02
3.425156568000886637e-02
3.383975136000572093e-02
3.352390576000630062e-02
3.335347070000693748e-02
3.336496482999962154e-02
3.358110643000600248e-02
3.401072796999926595e-02
3.464939526000421210e-02
3.548060920000750684e-02
3.647743666000735629e-02
3.760439235000490044e-02
3.881938335000256757e-02
4.007553787999995620e-02
4.132277743001111503e-02
4.250905802000204403e-02
4.358129589000725446e-02
4.448609212001031210e-02
4.517045551000364867e-02
4.558276820000628504e-02
4.567422166999790534e-02
4.540086398000653389e-02
4.472625313000833103e-02
4.362453692000656247e-02
4.208362088000683343e-02
4.010798459999875831e-02
3.772069301000158248e-02
3.496422678000499218e-02
3.189990762000149971e-02
2.860588184999812711e-02
2.517380988000184061e-02
2.170455400001003454e-02
1.830324446000020089e-02
1.507412891000114996e-02
1.211558447000982142e-02
9.515611140002988577e-03
7.348048990010624948e-03
5.669684680000841581e-03
4.518344470000101865e-03
3.912013670003489096e-03
3.848975289997724758e-03
4.308916890011005307e-03
5.254909119997819289e-03
6.636108679998642401e-03
8.390981529998953192e-03
1.045078708000346523e-02
1.274302257000670124e-02
1.519451618000289272e-02
1.773389567000549505e-02
2.029325438000739723e-02
2.280898597000202699e-02
2.522193811000761343e-02
2.747720201000447560e-02
2.952395945000318989e-02
3.131580939999878410e-02
3.281187587000999883e-02
3.397877895000078752e-02
3.479328704000295147e-02
3.524523433000581463e-02
3.534014992000322763e-02
3.510103892000415726e-02
3.456887715000789285e-02
3.380158830999846487e-02
3.287150847000930298e-02
3.186155218000408240e-02
3.086044031999790604e-02
2.995741915000849076e-02
2.923690077000173915e-02
2.877340615999912643e-02
2.862711824000996330e-02
2.884027315000992076e-02
2.943454715000370925e-02
3.040954096000803020e-02
3.174242072000765802e-02
3.338874130000135665e-02
3.528444303000810578e-02
3.734896890000527492e-02
3.948938773000065794e-02
4.160532587000886906e-02
4.359441069000524749e-02
4.535782534000531996e-02
4.680549195001049156e-02
4.786037096999962159e-02
4.846142232000261174e-02
4.856494183999870984e-02
4.814426179000008688e-02
4.718814503000601235e-02
4.569853006999835543e-02
4.368849250001005657e-02
4.118128508000040711e-02
3.821105640000155290e-02
3.482536245000744657e-02
3.108899110000606925e-02
2.708808284000951971e-02
2.293321196000874806e-02
1.876009093000163830e-02
1.472688670000366074e-02
1.100771187000759710e-02
7.782541860009928314e-03
5.224464679997709027e-03
3.485669020008685948e-03
2.683840990002295257e-03
