6.901487179945320349e-03
6.949994433099959679e-03
7.096067312744480660e-03
7.341305971664269236e-03
7.688202302659874476e-03
8.139879755631795888e-03
8.699736414598646661e-03
9.370998880868341985e-03
1.015620069213696297e-02
1.105660336244795872e-02
1.207158651079964784e-02
1.319803966134713846e-02
1.442979585291936928e-02
1.575715313408920792e-02
1.716653236223919521e-02
1.864031808990773698e-02
2.015692478295250112e-02
2.169111394655942604e-02
2.321457495594358988e-02
2.469675685959771272e-02
2.610591279822926936e-02
2.741029945356387998e-02
2.857945117257543188e-02
2.958543467237007007e-02
3.040399601026422260e-02
3.101550649722639719e-02
3.140564630716369265e-02
3.156577641246371968e-02
3.149299161037788508e-02
3.118986870211415408e-02
3.066395308400160502e-02
2.992705043398302678e-02
2.899439526012770330e-02
2.788377839158329152e-02
2.661470421099920713e-02
2.520764073240400194e-02
2.368340720106232311e-02
2.206273308168249514e-02
2.036599738818267724e-02
1.861314924765622436e-02
1.682379600565298006e-02
1.501742890093282767e-02
1.321375349607478711e-02
1.143307272266724794e-02
9.696667703025241281e-03
8.027100654302898874e-03
6.448359961709115851e-03
4.985758469686629724e-03
3.665498434841651942e-03
2.513837888159287104e-03
1.555834061775840382e-03
8.137041063918104555e-04
3.049278600002480744e-04
4.029882103395721060e-05
2.218693147426620271e-05
2.432792459785559913e-04
6.859994012842207667e-04
1.322685671141243802e-03
2.116471236263350875e-03
3.022717832351418110e-03
3.990848189829421244e-03
4.966508841917516293e-03
5.894116421472972434e-03
6.719905550454541299e-03
7.395514222210408661e-03
7.881893773998172037e-03
8.153005562178350374e-03
8.198542809395803488e-03
8.024956885762435377e-03
7.654410914028630941e-03
7.121788136288387250e-03
6.470328576170913948e-03
5.746693299897742691e-03
4.996237945832149308e-03
4.259100400545889897e-03
3.567475496836891580e-03
2.944222660033801731e-03
2.402753300472681985e-03
1.947981518014785252e-03
1.578007522468283241e-03
1.286156333137000729e-03
1.063015645442533241e-03
8.981963727734409986e-04
7.816468256436337469e-04
7.044625779144553235e-04
6.592256053039591279e-04
6.399698895904748497e-04
6.419018777137353027e-04
6.610073949246952907e-04
6.936564543593704002e-04
7.362851589931551644e-04
7.851965430347718211e-04
8.364897927464198801e-04
8.861033691971442749e-04
9.299443271544305389e-04
9.640720253401013906e-04
9.849067906912978287e-04
9.894400375571876793e-04
9.754285156304831617e-04
9.415618177541773548e-04
8.875959922249876399e-04
8.144486805576889310e-04
7.242522631827341684e-04
6.203608322721265722e-04
5.073066355691935314e-04
3.907006617964725592e-04
2.770726654688360213e-04
1.736476156679600535e-04
8.805926020727383730e-05
2.800760336185703636e-05
8.743875952177404542e-07
1.331888834954497725e-05
7.088259702925370220e-05
1.776337480805523228e-04
3.358784838383144233e-04
5.459549153528087118e-04
8.061105639285415236e-04
1.112449758323919013e-03
1.458932009938962437e-03
1.837412881371847106e-03
2.237744998765833770e-03
2.647991463007315360e-03
3.054827885605959636e-03
3.444204542944362402e-03
3.802291194176632416e-03
4.116643612988468703e-03
4.377438557881419001e-03
4.578560146796917252e-03
4.718321548210724359e-03
4.799673437432261380e-03
4.829869911617379330e-03
4.819685152355646096e-03
4.782366140290150724e-03
4.732541133463996630e-03
4.685279614548676363e-03
4.655440232014029789e-03
4.657365718600203763e-03
4.704917549389620035e-03
4.811795372560823125e-03
4.992056843960313017e-03
5.260746937210569740e-03
5.634543969861738333e-03
6.132334967645647339e-03
6.775630836642676513e-03
7.588730375090335656e-03
8.598527957175861047e-03
9.833850457553694469e-03
1.132419604866186091e-02
1.309774788838069526e-02
1.517856525411787061e-02
1.758290722985123011e-02
2.031476228286521746e-02
2.336081829017189193e-02
2.668533129758543510e-02
3.022559882364816986e-02
3.388897035669913294e-02
3.755246701999226389e-02
4.106602947464921272e-02
4.426009140368591943e-02
4.695756464779776707e-02
4.898943545099143648e-02
5.021222081457210606e-02
5.052474154423691743e-02
4.988136134298315483e-02
4.829917338945222127e-02
4.585762133179116518e-02
4.269047713883367123e-02
3.897153370736816669e-02
3.489645057599943812e-02
3.066365220415434578e-02
2.645699231194953427e-02
2.243226673627418677e-02
1.870876284023381686e-02
1.536612505660173156e-02
1.244599450691907805e-02
9.957274392078829806e-03
7.883543154861172297e-03
6.191118836611053666e-03
4.836552694229112603e-03
3.772764724800481417e-03
2.953518803963106620e-03
2.336329238985968004e-03
1.884130600501521258e-03
1.566130128878739924e-03
1.358212050860174713e-03
1.243136188534776920e-03
1.210610034220849229e-03
1.257163814372574961e-03
1.385640010212796369e-03
1.604047696588395411e-03
1.923535736594317314e-03
2.355335459711227486e-03
2.906736288565525683e-03
3.576500750526179218e-03
4.350531487233411099e-03
5.198933480727419010e-03
6.075669200811262272e-03
6.921610010437007077e-03
7.670963250291151780e-03
8.260023302909758058e-03
8.636372560616223382e-03
8.766413432027775343e-03
8.639580898915255602e-03
8.268571174852468175e-03
7.686001914493090226e-03
6.938698495403627931e-03
6.081058416768314601e-03
5.168748586683591384e-03
4.253548969984422001e-03
3.379695371975799389e-03
2.581735327652268097e-03
1.883716429304627127e-03
1.299442215994872640e-03
8.335084858828167853e-04
4.828382972448252985e-04
2.384602796468016095e-04
8.731482010659874504e-05
1.392685089740552939e-05
1.841700438376392412e-06
3.477580621336073818e-05
9.747759256129029382e-05
1.763238362144647908e-04
2.596923979041321218e-04
3.381570846840986633e-04
4.045469276974245076e-04
4.539046700813287316e-04
4.833705764184514919e-04
4.920082274253445576e-04
4.805821073716742831e-04
4.512916950716316933e-04
4.074643384228693321e-04
3.532102323333674576e-04
2.930473952034162721e-04
2.315109496464629046e-04
1.727708324352761338e-04
1.202898584438116814e-04
7.655985696430889220e-05
4.295129335218916822e-05
1.970044357335609675e-05
6.036890226823743433e-06
4.267086666231989511e-07
8.815951275664701825e-07
5.270895627518257243e-06
1.157831719922342018e-05
1.806891005173838494e-05
2.336628180898969731e-05
2.647141562306387641e-05
2.677136143347524921e-05
2.408120271013558522e-05
1.873679850916687428e-05
1.171997986659789603e-05
4.763488320236319851e-06
3.674630164596237591e-07
1.671099482791760238e-06
1.216043446561343444e-05
3.524283633282720984e-05
7.376059186015027080e-05
1.295354905153089931e-04
2.030281010831913591e-04
2.931658112999002697e-04
3.973562092198790197e-04
5.116675424687855411e-04
6.311354736254770614e-04
7.501458694463281063e-04
8.628453329322383070e-04
9.635404396419744444e-04
1.047058167557679553e-03
1.109051236667824014e-03
1.146240823842958889e-03
1.156594028245194750e-03
1.139436234893764777e-03
1.095497905538422856e-03
1.026894168404623997e-03
9.370335564398146744e-04
8.304512712840050881e-04
7.125638064593431409e-04
5.893465923634266801e-04
4.669450882062164965e-04
3.512426556255832111e-04
2.474232918814323057e-04
1.595808622170125091e-04
9.043245229634067073e-05
4.118860944402058522e-05
1.161289431195200450e-05
2.701305277241772274e-07
4.925593430016306229e-06
2.302540138998665498e-05
5.217506256371962081e-05
9.054090978111162258e-05
1.371243648691233830e-04
1.918921896191250198e-04
2.557725248522046968e-04
3.305411997303053795e-04
4.186239523278345587e-04
5.228349608614735189e-04
6.460691733423118421e-04
7.909728925596937188e-04
9.596325631378022081e-04
1.153341194964241367e-03
1.372510388605974185e-03
