1.972180186527339174e-03
1.981536738185241120e-03
2.009598583597949073e-03
2.056336043523288026e-03
2.121679590004532656e-03
2.205491642229162608e-03
2.307530789835254836e-03
2.427411535521173391e-03
2.564562970917450002e-03
2.718189490948930143e-03
2.887236723424280171e-03
3.070364449541784779e-03
3.265928637418369362e-03
3.471972822651991919e-03
3.686229673803609330e-03
3.906131989026562223e-03
4.128832967211337746e-03
4.351234957141514315e-03
4.570026177461272709e-03
4.781724838636591812e-03
4.982730853527073123e-03
5.169384744590388436e-03
5.338033968612876379e-03
5.485106879831391780e-03
5.607193671934851409e-03
5.701133871113484020e-03
5.764108289625369252e-03
5.793733162690273275e-03
5.788152441240868029e-03
5.746123765547395124e-03
5.667092212746638324e-03
5.551246480379745663e-03
5.399551371695565649e-03
5.213752182200437346e-03
4.996347825539260157e-03
4.750531569328586556e-03
4.480100709059797737e-03
4.189339166543959436e-03
3.882878473532969110e-03
3.565545181032803157e-03
3.242202662562476689e-03
2.917596624087082091e-03
2.596212603194203439e-03
2.282153605690950826e-03
1.979045277451518814e-03
1.689975702547030778e-03
1.417476401016415366e-03
1.163551692485498279e-03
9.297639388137213245e-04
7.173830798308244994e-04
5.276092244201890935e-04
3.618776343472518420e-04
2.222540752541135589e-04
1.119260953146294923e-04
3.578884795274461794e-05
1.111798468400593265e-06
1.824985881171414803e-05
1.013254831292442759e-04
2.687511681074283842e-04
5.433830554437690807e-04
9.520042412418661115e-04
1.523757297960059987e-03
2.287134955651026758e-03
3.265275447034809986e-03
4.469666575403152819e-03
5.892956167485863261e-03
7.502282383640590524e-03
9.235109990854084572e-03
1.099963762663946909e-02
1.268115345820319817e-02
1.415428128615303649e-02
1.529928428105620242e-02
1.601915336202353046e-02
1.625372366797250834e-02
1.598776123039158392e-02
1.525156602214394752e-02
1.411452370813037760e-02
1.267357118395295856e-02
1.103932483843550472e-02
9.322590726313251253e-03
7.623332989311393248e-03
6.023238018315169029e-03
4.582084533311103769e-03
3.337426139680133019e-03
2.306698801362472295e-03
1.490766165517243280e-03
8.780267638712757616e-04
4.484299612528275247e-04
1.769949979575358157e-04
3.664270693093385489e-05
3.072723302466329187e-07
4.239309353692988225e-05
1.396894646745749924e-04
2.718683801816723644e-04
4.216825019511816208e-04
5.749618474908402277e-04
7.204853764051222242e-04
8.497832074993993956e-04
9.569063080903106311e-04
1.038185864061347274e-03
1.091991785742152388e-03
1.118491342637639718e-03
1.119401823217458514e-03
1.097728317532187248e-03
1.057477835885833883e-03
1.003346101725810513e-03
9.403825204685745121e-04
8.736512392744089084e-04
8.079185213034634216e-04
7.474037684005452320e-04
6.956298312985609300e-04
6.553937952560318081e-04
6.288562564265021138e-04
6.177195584200489975e-04
6.234449144955078737e-04
6.474510400238386865e-04
6.912457296692764430e-04
7.564636883756747920e-04
8.448109006167214829e-04
9.579393527019419707e-04
1.097289002231605082e-03
1.263933244374015885e-03
1.458452410886934558e-03
1.680841961146484209e-03
1.930447557811021397e-03
2.205913306227103021e-03
2.505134017440013849e-03
2.825213317805719271e-03
3.162440192014059903e-03
3.512301526015448871e-03
3.869545857170919589e-03
4.228304760133028140e-03
4.582266962017911283e-03
4.924890955933847181e-03
5.249636537996593688e-03
5.550195142674851922e-03
5.820703461765219799e-03
6.055930147695676169e-03
6.251432630136832813e-03
6.403685749674536964e-03
6.510187111601339893e-03
6.569544556029427440e-03
6.581549970249511716e-03
6.547240340239568468e-03
6.468943452517805781e-03
6.350300993517521420e-03
6.196258781869801169e-03
6.013011746034635507e-03
5.807890675527005442e-03
5.589181635130557879e-03
5.365874468395759322e-03
5.147346490218751569e-03
4.942997130882531565e-03
4.761858386856943071e-03
4.612208525571759310e-03
4.501210678043321423e-03
4.434584828757692776e-03
4.416304551952521251e-03
4.448299675416933496e-03
4.530152746198723435e-03
4.658805339602167805e-03
4.828332315526040475e-03
5.029879022046657155e-03
5.251865943876055098e-03
5.480530844977238303e-03
5.700808243048527402e-03
5.897459487457012983e-03
6.056296635804869766e-03
6.165315177568686522e-03
6.215566817090234508e-03
6.201659258195491020e-03
6.121843614181443627e-03
5.977721111989353631e-03
5.773656478353927923e-03
5.516017714484178214e-03
5.212369501222724466e-03
4.870735840910356274e-03
4.499019936474724091e-03
4.104634800285111851e-03
3.694362133458639619e-03
3.274422433420909329e-03
2.850714584738511803e-03
2.429161444410965487e-03
2.016086826586160896e-03
1.618543727673227295e-03
1.244512808497688638e-03
9.028988884978161877e-04
6.032678596881169142e-04
3.552945304647892044e-04
1.679306969748495248e-04
4.835627818522425514e-05
8.359585308426176198e-07
2.565997854730994732e-05
1.183832385294181222e-04
2.695730107831195710e-04
4.652169983927478825e-04
6.878320929502024228e-04
9.181676980603015181e-04
1.137253991274178588e-03
1.328449426878819395e-03
1.479127769954402538e-03
1.581721699565719064e-03
1.633986298315903696e-03
1.638515518834537943e-03
1.601689823175433958e-03
1.532316738092731612e-03
1.440236150685336725e-03
1.335112545788774696e-03
1.225549878085985256e-03
1.118574656757687080e-03
1.019457976383364439e-03
9.318008712426717466e-04
8.577891126861914017e-04
7.985289452818733480e-04
7.543924924391376408e-04
7.253249694372243539e-04
7.110872921316513384e-04
7.114238914880388620e-04
7.261579652180216726e-04
7.552211444732392920e-04
7.986286074554982406e-04
8.564102364942982604e-04
9.285087080996845543e-04
1.014654483185495337e-03
1.114228225205238232e-03
1.226121472200247808e-03
1.348607861814343778e-03
1.479238552391848316e-03
1.614776265995487847e-03
1.751182789277550000e-03
1.883671825382293719e-03
2.006835175890842038e-03
2.114841957720159371e-03
2.201701881759277057e-03
2.261574146189104795e-03
2.289097870402656554e-03
2.279722319613597392e-03
2.230024333172764273e-03
2.138017589629725990e-03
2.003471993020866648e-03
1.828261439214884376e-03
1.616733624231869726e-03
1.376048068820523440e-03
1.116373224164135536e-03
8.508024364886068724e-04
5.948653898855127409e-04
3.655865950946690646e-04
1.801542159540758803e-04
5.437203967062487209e-05
1.136331150064506801e-06
2.918415204078428360e-05
1.423037138721383599e-04
3.391013078584137475e-04
6.133132389294360109e-04
9.545638984747029099e-04
1.349417848160783251e-03
1.782560009189637640e-03
2.237956082765890642e-03
2.699882526385977144e-03
3.153759211087958647e-03
3.586757128303474929e-03
3.988184309520192983e-03
4.349672444462271415e-03
4.665196719528807989e-03
4.930965299450917882e-03
5.145212915422803235e-03
5.307930280906703047e-03
5.420556629772477208e-03
5.485659323383629271e-03
5.506621740821060484e-03
5.487359993750828835e-03
5.432087932362605898e-03
5.345151467466280337e-03
5.230947979711686457e-03
5.093943591148786254e-03
4.938785851450688824e-03
4.770493387468377477e-03
4.594682591815058004e-03
4.417773726032692139e-03
4.247110338383208727e-03
4.090936847092052631e-03
3.958206970722244478e-03
3.858237156777022392e-03
3.800256070974228351e-03
3.792914694031424006e-03
3.843805806098998801e-03
3.959005887594457818e-03
4.142625972136215751e-03
4.396365744952390742e-03
4.719104214373714967e-03
5.106605998932423063e-03
5.551438061544899938e-03
6.043163998143086246e-03
6.568825398602484711e-03
7.113657601863110358e-03
7.661942987880365763e-03
8.197887430071659765e-03
8.706414152754859970e-03
9.173798861340287658e-03
9.588106240499882915e-03
