5.255340475542880085e-04
5.289528973406731893e-04
5.392468218730073204e-04
5.565262549822591609e-04
5.809697056093909850e-04
6.128158654519211268e-04
6.523535793832024865e-04
6.999101175750865877e-04
7.558386795523119872e-04
8.205055018919438226e-04
8.942767755399927410e-04
9.775055249718889172e-04
1.070517896110345646e-03
1.173598169557976689e-03
1.286971620729104870e-03
1.410783646051072537e-03
1.545073889985815185e-03
1.689743408832100613e-03
1.844513166432193430e-03
2.008871796874700522e-03
2.182011019556284737e-03
2.362746865728126977e-03
2.549425940230776177e-03
2.739816672843176093e-03
2.930987053986200408e-03
3.119173063296898363e-03
3.299645382853100273e-03
3.466587013576827303e-03
3.613000758889484132e-03
3.730674181142035195e-03
3.810238794216047609e-03
3.841371748109168038e-03
3.813198497525149833e-03
3.714965063650765842e-03
3.537053559895753096e-03
3.272415109591975124e-03
2.918484748064997802e-03
2.479623663361962826e-03
1.970103474732809445e-03
1.417606160515560987e-03
8.671658632977141679e-04
3.854275301335974291e-04
6.504802415463473153e-05
2.901882699291036261e-05
4.346457091486399804e-04
1.476875198534344236e-03
3.390607160227432360e-03
6.451571238599740354e-03
1.097527478249560318e-02
1.731345333091383054e-02
2.584737740883724655e-02
3.697729561996254688e-02
5.110722235910714062e-02
6.862422081236729809e-02
8.987132199700909041e-02
1.151133530445349606e-01
1.444953929033090390e-01
1.779945505763294022e-01
2.153674797671101260e-01
2.560985869180427699e-01
2.993570657999526929e-01
3.439741077075382236e-01
3.884537627141924077e-01
4.310303456029629388e-01
4.697802487145281702e-01
5.027856148999063635e-01
5.283326873213525232e-01
5.451129009792765601e-01
5.523862088936795089e-01
5.500693904317159877e-01
5.387283990609432749e-01
5.194780841109576386e-01
4.938154904483695873e-01
4.634257894154245605e-01
4.299993968610351658e-01
3.950878248866160902e-01
3.600105884342212903e-01
3.258119793877938264e-01
2.932579801635171179e-01
2.628603502361954725e-01
2.349155637226232329e-01
2.095489329220043828e-01
1.867574259903648226e-01
1.664474967352589374e-01
1.484663475007295119e-01
1.326264224637156985e-01
1.187237122235274001e-01
1.065508119650502294e-01
9.590576956505003636e-02
8.659770230831043136e-02
7.845003264370120633e-02
7.130204096019099325e-02
6.500928515330883783e-02
5.944330481139559197e-02
5.449091598913469170e-02
5.005331061265394510e-02
4.604509836495651598e-02
4.239336795646408973e-02
3.903679224711709139e-02
3.592476159585089590e-02
3.301650112450715824e-02
3.028011718269851826e-02
2.769152911116634641e-02
2.523327765943861323e-02
2.289325160451483043e-02
2.066342483679761699e-02
1.853872491642505338e-02
1.651614642877063943e-02
1.459417613416746917e-02
1.277252782112725527e-02
1.105211693344188006e-02
9.435160740565606829e-03
7.925279333136359128e-03
6.527492357449204974e-03
5.248045481593521799e-03
4.094044271923280576e-03
3.072912304702413167e-03
2.191718836428435679e-03
1.456438972638807172e-03
8.712156651000668717e-04
4.376916833592758849e-04
1.544714573924466094e-04
1.676006920092731889e-05
1.620996924600603961e-05
1.409887488534877775e-04
3.760628118527620245e-04
7.036762728347412121e-04
1.103990844470104093e-03
1.555842996069145556e-03
2.037568619911667156e-03
2.527842208138508795e-03
3.006477744904145766e-03
3.455140824755176254e-03
3.857928119217035601e-03
4.201779993863397067e-03
4.476706985116152282e-03
4.675828363147616074e-03
4.795239895443614841e-03
4.833746041384756609e-03
4.792504260578311914e-03
4.674636378169338968e-03
4.484861032210574194e-03
4.229193957115739977e-03
3.914751525016413325e-03
3.549677776405246732e-03
3.143200356319653110e-03
2.705806064753346618e-03
2.249512843945922214e-03
1.788203094392315506e-03
1.337972428615330500e-03
9.174400951792449632e-04
5.479646684705130610e-04
2.537127368640312852e-04
6.154425666693441599e-05
7.044359477959005744e-07
1.023491221303629573e-04
3.989716329897419200e-04
9.238373663293941718e-04
1.710558491794245128e-03
2.792951079854333329e-03
4.205306663450869564e-03
5.983184076981729049e-03
8.164786677625102129e-03
1.079294067352520869e-02
1.391763551266933518e-02
1.759902940941060479e-02
2.191076804773217646e-02
2.694341138399636293e-02
3.280771423372641493e-02
3.963745365356885486e-02
4.759143026842593827e-02
5.685418410803322331e-02
6.763485125749468807e-02
8.016345473107833186e-02
9.468379553693750950e-02
1.114420265275981592e-01
1.306700083988943106e-01
1.525627277824241901e-01
1.772494665577823980e-01
2.047591102183048406e-01
2.349810195910606581e-01
2.676242978943150774e-01
3.021800419646041291e-01
3.378931412477044205e-01
3.737520147548565319e-01
4.085056521937673324e-01
4.407163905412829763e-01
4.688528669103533275e-01
4.914199325173029820e-01
5.071118042755244915e-01
5.149642066463542278e-01
5.144751992391576323e-01
5.056670372577087846e-01
4.890740266742028552e-01
4.656603143021555979e-01
4.366894279506681187e-01
4.035767426032066396e-01
3.677539623609646924e-01
3.305641953780877884e-01
2.931935876405447061e-01
2.566361053348202859e-01
2.216836899195016031e-01
1.889334649864764515e-01
1.588049130515116758e-01
1.315616385144409151e-01
1.073340660514503497e-01
8.614108489668126367e-02
6.791003275208140622e-02
5.249523187164584215e-02
3.969546999937278997e-02
2.927056378898384992e-02
2.095678450227467238e-02
1.448071108210058355e-02
9.571068261621462625e-03
5.968255056572502326e-03
3.431474583450722093e-03
1.743567491701014660e-03
7.137910833137084410e-04
1.788661651715983680e-04
2.641981438955554040e-06
7.472012831044594350e-05
3.083429242849433649e-04
6.378023961985945789e-04
1.015570722358916100e-03
1.409300583844697030e-03
1.798802608078631238e-03
2.173084592229201917e-03
2.527536873927260785e-03
2.861366044129454167e-03
3.175402714830966033e-03
3.470415283203465151e-03
3.746032901233320445e-03
4.000306879518689129e-03
4.229836551402854639e-03
4.430288053939079873e-03
4.597082767588744900e-03
4.726047068430716536e-03
4.813885070674928102e-03
4.858426407210458819e-03
4.858675262454426047e-03
4.814724958407623490e-03
4.727606101695869256e-03
4.599119540827700803e-03
4.431683454342305595e-03
4.228207956671781176e-03
3.992002529571436753e-03
3.726720494086066537e-03
3.436345797496187515e-03
3.125227740866876047e-03
2.798165025538423833e-03
2.460529906898045738e-03
2.118406941676198585e-03
1.778697623663560989e-03
1.449120036923545740e-03
1.138018151578990000e-03
8.539062543775344238e-04
6.047239588866659687e-04
3.968730685954824366e-04
2.342291063115453653e-04
1.174166846311663903e-04
4.363957881992064358e-05
7.221158568881946849e-06
7.694255401702321251e-07
1.664418559244040807e-05
4.830295213764657092e-05
9.119161585147139704e-05
1.430637955905922354e-04
2.038261320080891892e-04
2.751149530837437851e-04
3.598009581224914655e-04
4.615483660614927430e-04
5.844873279983175962e-04
7.330205447431126231e-04
9.117743699249558631e-04
1.125702354158875096e-03
1.380345154373685546e-03
1.682240014005742523e-03
2.039459870360360583e-03
2.462247419941832050e-03
2.963693509030917994e-03
3.560390169994320786e-03
4.272963642605986934e-03
5.126365056852932867e-03
6.149774283073838888e-03
7.375979295559886850e-03
8.840157933690306891e-03
1.057814145499946790e-02
1.262447740479899494e-02
1.501087847759663418e-02
1.776582457988240549e-02
2.091603737599712076e-02
2.449019658584461467e-02
2.852467915262479892e-02
3.307048397876144463e-02
3.820009494464216004e-02
4.401297693674166567e-02
5.063866491228452560e-02
5.823682244566441568e-02
6.699401570142526907e-02
7.711713683450227563e-02
