0.000000000000000000e+00
6.946451999567671010e-05
2.764262399921335600e-04
6.167511199919317733e-04
1.084059470002785019e-03
1.670398419989282957e-03
2.367016139999122970e-03
3.165109750000283384e-03
4.056427979989507548e-03
5.033639269996115218e-03
6.090418580001255577e-03
7.221253439993802203e-03
8.421014269998750024e-03
9.684368169999402198e-03
1.100513536999869757e-02
1.237569255999915185e-02
1.378651679999620683e-02
1.522594159999357544e-02
1.668016543000305774e-02
1.813351730999102074e-02
1.956894784999008152e-02
2.096868260998974165e-02
2.231495063999489048e-02
2.359068920999618513e-02
2.478012814999885904e-02
2.586917447000303127e-02
2.684554950999995526e-02
2.769867205999787529e-02
2.841932641999278530e-02
2.899919616000090627e-02
2.943037359999323144e-02
2.970496638999975403e-02
2.981491136999636637e-02
2.975207337999563606e-02
2.950865857999929176e-02
2.907791650000035588e-02
2.845505313999296959e-02
2.763823895999450997e-02
2.662957665999954315e-02
2.543589702000303987e-02
2.406927506999068100e-02
2.254719705000240992e-02
2.089235459999372324e-02
1.913208802000099240e-02
1.729753873999584357e-02
1.542259813999180551e-02
1.354275318999498268e-02
1.169392882999886751e-02
9.911414219999414854e-03
8.228938169992261464e-03
6.677930530003095555e-03
5.286975939995386398e-03
4.081437940001819697e-03
3.083208069995180267e-03
2.310521170002743929e-03
1.777776170001743594e-03
1.495313079999505135e-03
1.469119969996768305e-03
1.700476449997267991e-03
2.185574699993253489e-03
2.915190609996898274e-03
3.874496139999905608e-03
5.043106039991585021e-03
6.395433009998896523e-03
7.901388699991684916e-03
9.527418459995828925e-03
1.123780595000312132e-02
1.299613895999129909e-02
1.476679946999581716e-02
1.651633419000120284e-02
1.821457776999579892e-02
1.983543523999742320e-02
2.135727699999279139e-02
2.276295010000239927e-02
2.403945551999697727e-02
2.517737707999856411e-02
2.617016845999842189e-02
2.701341091999154287e-02
2.770414478000304825e-02
2.824035666999691330e-02
2.862067427000170028e-02
2.884428574999731154e-02
2.891106574999469103e-02
2.882185826999261735e-02
2.857884309000269241e-02
2.818589905000123963e-02
2.764887813999905575e-02
2.697571825000011358e-02
2.617635000000007039e-02
2.526238928999191558e-02
2.424664762999384493e-02
2.314252873999578242e-02
2.196340569999222225e-02
2.072208138999087623e-02
1.943042407999939769e-02
1.809923948999880849e-02
1.673839811999755511e-02
1.535718796999674396e-02
1.396482040999558194e-02
1.257098730999928193e-02
1.118635830999892278e-02
9.822917309989520618e-03
8.494066379995501848e-03
7.214464960000555038e-03
5.999616239989791211e-03
4.865252329992131308e-03
3.826600129997359545e-03
2.897625589994845541e-03
2.090355690000933464e-03
1.414364309994198265e-03
8.764839199955076765e-04
4.807725799906847897e-04
2.287296999980981127e-04
1.197190100015177450e-04
1.515267800016317778e-04
3.209634700027663712e-04
6.244088500011457654e-04
1.058208269995475348e-03
1.618850729997234339e-03
2.302895169989938040e-03
3.106655910002587007e-03
4.025703879989350753e-03
5.054278389991395670e-03
6.184727319990201977e-03
7.407094949996917421e-03
8.708955559995956719e-03
1.007554912000330205e-02
1.149022208998928818e-02
1.293512060999546520e-02
1.439203779999331800e-02
1.584328919000199676e-02
1.727248644999690441e-02
1.866509807000227283e-02
2.000872319000279731e-02
2.129305232999456621e-02
2.250953834000313236e-02
2.365084375999515487e-02
2.471016207999809922e-02
2.568052485000293927e-02
2.655420649999484795e-02
2.732232212999008425e-02
2.797468689999504932e-02
2.849996967999857134e-02
2.888613505999160225e-02
2.912112961999469007e-02
2.919373521000068195e-02
2.909448844999928951e-02
2.881655425998985720e-02
2.835644580000007409e-02
2.771450272999231856e-02
2.689507449998984612e-02
2.590639940000016850e-02
2.476021837999553554e-02
2.347120525999457641e-02
2.205632428999138028e-02
2.053423489999772755e-02
1.892484834999663690e-02
1.724910464000117827e-02
1.552898500000310378e-02
1.378771857000060663e-02
1.205009115000166275e-02
1.034273060999169047e-02
8.694235050000997944e-03
7.135026719993220468e-03
5.696854289993780185e-03
4.411920949991099405e-03
3.311675269998204385e-03
2.425356819998114588e-03
1.778430640001715801e-03
1.391068129990458146e-03
1.276834110001345834e-03
1.441722339990292312e-03
1.883645969996905478e-03
2.592441159990244159e-03
3.550387079997108231e-03
4.733189289993333659e-03
6.111324109994598075e-03
7.651603649989624500e-03
9.318800809992922041e-03
1.107717387999684888e-02
1.289175221999983023e-02
1.472928606000323271e-02
1.655881863999297821e-02
1.835190017999366319e-02
2.008251886999801172e-02
2.172686539999801880e-02
2.326306495999119761e-02
2.467100137999977960e-02
2.593232408999313066e-02
2.703067609999720844e-02
2.795212315999151542e-02
2.868571129999963887e-02
2.922404427999936161e-02
2.956376022999052111e-02
2.970579832999931114e-02
2.965537935999407182e-02
2.942166991999783932e-02
2.901714928999865606e-02
2.845674315000223942e-02
2.775682146000235662e-02
2.693417529999919680e-02
2.600508874999718500e-02
2.498460697999860258e-02
2.388607494999916980e-02
2.272098480000295240e-02
2.149913044999607337e-02
2.022902742000098897e-02
1.891852117999803795e-02
1.757548150999355130e-02
1.620846715999846310e-02
1.482724848999339429e-02
1.344309486999861747e-02
1.206876962999103853e-02
1.071822141999234645e-02
9.406012550002174066e-03
8.146571699995774907e-03
6.953392279996251091e-03
5.838310439997940193e-03
4.810984909994431291e-03
3.878665599998498692e-03
3.046285300001727592e-03
2.316849839999690630e-03
1.692048270001578203e-03
1.172966509997763751e-03
7.607727699934230259e-04
4.572526700030721258e-04
2.651023699939969447e-04
1.879329799976403592e-04
2.299893499895233617e-04
3.956323199929556722e-04
6.886691099907693570e-04
1.111636540002791662e-03
1.665145939995227309e-03
2.347386399989659367e-03
3.153858669989517693e-03
4.077377999990972057e-03
5.108346269992125599e-03
6.235255080000001726e-03
7.445348310000099445e-03
8.725347979989805935e-03
1.006213574999037519e-02
1.144328629999336044e-02
1.285736916999269397e-02
1.429397090998918429e-02
1.574343493000185390e-02
1.719636568999760584e-02
1.864298837999456282e-02
2.007248503998937394e-02
2.147243810999555080e-02
2.282849751999549426e-02
2.412435104999133273e-02
2.534202562999610109e-02
2.646248965999120628e-02
2.746647592999806875e-02
2.833540973999504331e-02
2.905231442998967850e-02
2.960257776000219110e-02
2.997449320000100670e-02
3.015953352999645176e-02
3.015236147999189598e-02
2.995062459000052968e-02
2.955461284000193700e-02
2.896687442999734685e-02
2.819188539999117893e-02
2.723585386999616276e-02
2.610671339999726115e-02
2.481432438000297225e-02
2.337086363999674177e-02
2.179134448999775486e-02
2.009417720999806534e-02
1.830165833999330971e-02
1.644026972999768077e-02
1.454067819999238509e-02
1.263735463999182684e-02
1.076777520999883109e-02
8.971222649989840647e-03
7.287264399991499886e-03
5.754036429991060686e-03
4.406498039998041349e-03
3.274834720002672839e-03
2.383170759998165522e-03
1.748711250002088491e-03
1.381373069989422220e-03
1.283896369997705733e-03
1.452365479991613029e-03
1.877022569999553525e-03
2.543234719993847648e-03
3.432478470003275106e-03
4.523231189992316104e-03
5.791698529989730559e-03
7.212353089997236566e-03
8.758302369997750247e-03
1.040153712999369873e-02
1.211313086000131989e-02
1.386346542999206122e-02
1.562254830000142647e-02
1.736046594000129062e-02
1.904798923000328159e-02
2.065731470999310204e-02
2.216289410999650045e-02
