7.740807859590859152e-06
8.621477789461096108e-06
1.154948581927328632e-05
1.738474321655303356e-05
2.756723559116380784e-05
4.412789155594509793e-05
6.970525397775872989e-05
1.075693398888688534e-04
1.616543007116888475e-04
2.366019937198871048e-04
3.378184048443699794e-04
4.715451882759680302e-04
6.449484618968881477e-04
8.662269020192070457e-04
1.144740891206197375e-03
1.491164505594611001e-03
1.917661436650064388e-03
2.438086126275607057e-03
3.068210782913638468e-03
3.825979022025194354e-03
4.731786445375973926e-03
5.808788436993950199e-03
7.083235051624114931e-03
8.584832479527904070e-03
1.034712932512604766e-02
1.240792495818254793e-02
1.480969379890950677e-02
1.760001626267637675e-02
2.083200101284887751e-02
2.456467551267849103e-02
2.886331223206184404e-02
3.379964568111404333e-02
3.945192162427701987e-02
4.590470512232514011e-02
5.324835997144816702e-02
6.157810028240362499e-02
7.099250928996525545e-02
8.159142267932395498e-02
9.347308904672502194e-02
1.067305499265671642e-01
1.214472276931530814e-01
1.376917708298321941e-01
1.555122760550347039e-01
1.749300792199619536e-01
1.959333714914777147e-01
2.184709449537081127e-01
2.424464001608157560e-01
2.677131582176031088e-01
2.940706206293981495e-01
3.212618244567835291e-01
3.489729547415265642e-01
3.768351000851879462e-01
4.044286552375098154e-01
4.312907558489342819e-01
4.569260386223135129e-01
4.808208232475408295e-01
5.024605026416963938e-01
5.213495290822578454e-01
5.370329614531783591e-01
5.491181714259596447e-01
5.572950787752830593e-01
5.613532400093106389e-01
5.611942637624451891e-01
5.568383471826763298e-01
5.484241934834273025e-01
5.362021441299873459e-01
5.205209945358575396e-01
5.018095803576869685e-01
4.805547281415556427e-01
4.572774621326658462e-01
4.325093967042050735e-01
4.067710235287478326e-01
3.805531934204964273e-01
3.543025868222002828e-01
3.284114728201217304e-01
3.032116401433881947e-01
2.789720900976959683e-01
2.558999055651156596e-01
2.341436352344743455e-01
2.137985263528889845e-01
1.949129802607245665e-01
1.774956712782795876e-01
1.615228550499239191e-01
1.469454858722656354e-01
1.336958615356991231e-01
1.216936085979227755e-01
1.108509039195837431e-01
1.010768939195685334e-01
9.228131569173569915e-02
8.437734619388947976e-02
7.728371288392565930e-02
7.092610032323420910e-02
6.523789408741720308e-02
6.016031991958925573e-02
5.564206349896494430e-02
5.163848534557757830e-02
4.811056615126574343e-02
4.502372413710986621e-02
4.234663364185564660e-02
4.005014953075658468e-02
3.810640882966254139e-02
3.648814764351016038e-02
3.516824134990770290e-02
3.411945468684507432e-02
3.331437631835854063e-02
3.272551001641943458e-02
3.232549859910704981e-02
3.208746240771631619e-02
3.198543910480111663e-02
3.199491231204376618e-02
3.209341315853464494e-02
3.226117312097187551e-02
3.248179799200556772e-02
3.274292494538144638e-02
3.303681654494994291e-02
3.336083908298803635e-02
3.371776939908954773e-02
3.411587583541120239e-02
3.456872922734532949e-02
3.509471977949374377e-02
3.571628624094103088e-02
3.645890241863014580e-02
3.734990608920440991e-02
3.841728935186949911e-02
3.968858815336773205e-02
4.119000551777673991e-02
4.294587625022927568e-02
4.497853326483891578e-02
4.730857799242471629e-02
4.995550198908915718e-02
5.293856800150820163e-02
5.627784380926925678e-02
5.999528940584752945e-02
6.411582045669206309e-02
6.866829592016188144e-02
7.368639560010592504e-02
7.920936038868831019e-02
8.528256355559449275e-02
9.195787008091826920e-02
9.929372539190239877e-02
1.073548997213862322e-01
1.162118008712411665e-01
1.259392597666675329e-01
1.366146931231071449e-01
1.483155587663986807e-01
1.611160469953034635e-01
1.750829963114739485e-01
1.902710854359668247e-01
2.067174293297711074e-01
2.244357890363488650e-01
2.434106830350941664e-01
2.635917536923102489e-01
2.848887895288214622e-01
3.071678290744301876e-01
3.302487672986842426e-01
3.539048422494914803e-01
3.778642859477088223e-01
4.018142764402057310e-01
4.254071406890176377e-01
4.482685690770580322e-01
4.700074591508922595e-01
4.902269484713173142e-01
5.085362247964440030e-01
5.245627766852152263e-01
5.379647981075663665e-01
5.484434317639426126e-01
5.557544081299710115e-01
5.597184587949470824e-01
5.602297289402144997e-01
5.572613751474904120e-01
5.508676563925405389e-01
5.411821063551087718e-01
5.284117649205057887e-01
5.128278627219060581e-01
4.947537179756267278e-01
4.745508515737810740e-01
4.526044227795296138e-01
4.293090320840917684e-01
4.050557562363223951e-01
3.802210257395728377e-01
3.551576746337730128e-01
3.301882387638670480e-01
3.056003800733151365e-01
2.816441862020724329e-01
2.585310332876673556e-01
2.364336909030697598e-01
2.154873736800766437e-01
1.957914843835482088e-01
1.774118414367222840e-01
1.603832356205288079e-01
1.447122202473565267e-01
1.303801011532357279e-01
1.173461436534921631e-01
1.055510337765070972e-01
9.492060621960263234e-02
8.536978742461087677e-02
7.680662186770348399e-02
6.913618639258345411e-02
6.226417494094960148e-02
5.609996204266565201e-02
5.055901471068580122e-02
4.556460010456930831e-02
4.104880689646961400e-02
3.695295216179772524e-02
3.322747436909878616e-02
2.983142320798037872e-02
2.673165111586683906e-02
2.390179936941194683e-02
2.132115672996803823e-02
1.897345748902523610e-02
1.684567829889260793e-02
1.492689076647479851e-02
1.320722642040550454e-02
1.167700995891607363e-02
1.032610988772830751e-02
9.143541662382403956e-03
8.117334427737432634e-03
7.234642664315060756e-03
6.482053678013244280e-03
5.846018581365797218e-03
5.313324905742433657e-03
4.871535268947013719e-03
4.509336610126979394e-03
4.216772011730540726e-03
3.985354527841877825e-03
3.808083054622102281e-03
3.679391823993682920e-03
3.595066421908654775e-03
3.552154992746636708e-03
3.548894670487356962e-03
3.584665742394577137e-03
3.659979695541437650e-03
3.776502771572154415e-03
3.937114951185094469e-03
4.146002404610271697e-03
4.408781105965431379e-03
4.732647709573711836e-03
5.126552156525576720e-03
5.601383953134586591e-03
6.170161093749015890e-03
6.848207755396629182e-03
7.653305272128818615e-03
8.605802273478957432e-03
9.728675510402240434e-03
1.104754553692544050e-02
1.259067058865070976e-02
1.438896671196232546e-02
1.647612705380652187e-02
1.888892847588863333e-02
2.166780873491802595e-02
2.485776113431370504e-02
2.850952477707835442e-02
3.268095559319306176e-02
3.743836803619160492e-02
4.285756791978201363e-02
4.902427400732278784e-02
5.603365838420870659e-02
6.398881388288657490e-02
7.299805964457561913e-02
8.317110249738846051e-02
9.461416759697272028e-02
1.074242913755227846e-01
1.216830335352057091e-01
1.374499136656908149e-01
1.547559084218477210e-01
1.735973534127595030e-01
1.939305753016213885e-01
2.156675369757721228e-01
2.386727212334136539e-01
2.627614219122733630e-01
2.876995726334001802e-01
3.132052278746044749e-01
3.389518173357402020e-01
3.645733015800516341e-01
3.896713362176740247e-01
4.138244777036845790e-01
4.365993208875522669e-01
4.575632575903227917e-01
4.762983307561086121e-01
4.924154862313372405e-01
5.055684600815197882e-01
5.154666050475782413e-01
5.218861285711824394e-01
5.246793951017139079e-01
5.237820274368942819e-01
5.192174698664047128e-01
5.110984985275024428e-01
4.996250432848796663e-01
4.850777868665403503e-01
4.678073990235702695e-01
4.482198469035409971e-01
4.267588059981193283e-01
4.038866027924541413e-01
3.800652661992813819e-01
3.557391574775863319e-01
3.313203415614935921e-01
3.071774339784809627e-01
2.836281926434480738e-01
2.609357086546424398e-01
2.393077464651156561e-01
